 298 272 120 494 495 428 67 398 430 257 219 464 159 433 240 357 399 297 378 100 311 282 170 431 413
 423 451 484 226 298 97 272 493 215 360 66 11 0 331 143 368 393 232 409 114 72 263 412 160 438 386 456 314 88 271 133 363 219 146 429 395 437 24 102 203 256 496 37 440 294 476 353 471 297 5 130 194 152 127 465 406 253 435 258 39 46 31 4 51 373 370 326 62 343 321 300 345 139 467
 392 232 269 320 284 438 265 363 180 55 53 243 116 106 414 154 119 485 227 90 81 47
 121 22 303 185 179 143 494 460 187 21 356 492 271 101 25 380 154 68 480 485 258 477 318 61 144 113
 none
 89 11 220 265 235 172 42 310 476 397 242 296 480 245 318 482 132 35
 455 484 190 97 195 7 28 303 462 48 198 6 102 461 304 173 181 242 5 250 335 98 50 45 370 293 287
 359 499 263 87 498 260 192 146 198 235 369 440 128 485 307 166 61 262
 195 292 450 419 264 41 180 159 85 53 173 56 334 266 134 178 275 129 435 466 370 61 305 345
 none
 121 405 143 80 149 486 263 344 244 270 109 377 193 4 18 61 117 342
 455 359 392 497 312 362 494 460 387 174 156 492 196 184 9 445 295 109 53 49 291 98 402 78 62
 451 105 436 409 486 72 167 366 200 136 43 488 369 163 313 461 490 76 380 130 465 454 65 318 35
 22 352 197 462 327 72 86 225 388 407 464 429 173 154 296 299 170 13
 none
 371 354 392 390 11 331 87 386 489 180 233 36 242 425
 432 205 191 89 387 23 156 358 255 48 63 36 452 82 58 311 19 103 227 171 81 221 71 447 262
 121 279 237 376 156 456 93 102 310 452 2 123 224 46 16 14 289 481
 371 121 206 331 470 183 112 295 339 202 12 42 102 37 364 465 223 318 221 71
 none
 205 251 315 360 292 238 393 212 160 57 417 363 6 473 399 306 39 249 170 343
 195 66 80 288 174 320 107 384 15 109 26 163 240 128 377 473 281 213 84 65 165 287
 148 140 206 298 383 279 244 498 67 32 126 492 386 136 230 388 219 202 118 199 122 128 248 389 254 291 213 98 158 481
 423 191 226 195 493 279 0 331 460 269 167 187 27 320 350 489 308 133 43 41 111 48 233 163 310 461 37 33 294 116 79 399 380 414 278 275 68 131 253 209 340 434 454 466 19 46 17 50 421 381 325 227 188 78 300 113 276
 none
 316 110 412 376 32 155 88 295 146 395 208 6 10 150 177 426 372 447
 386 285 339 407 395 256 336 5 1 457 340 73 92 201
 371 34 298 185 143 149 439 87 428 124 412 472 366 88 446 374 357 422 434 421 103 90 113
 432 354 206 22 114 72 398 320 202 33 357 296 131 282 98 186 330 421 373 20 90
 none
 371 493 197 462 327 143 362 244 126 141 301 257 339 63 147 85 10 374 365 162 154 29 483 340 466 17 373 83 441 40
 272 195 303 309 412 376 416 427 329 15 36 346 294 58 379 29 245 375 98 145 74 262
 110 286 498 23 492 438 290 417 12 304 476 74 61 481 35
 34 392 151 251 247 11 409 486 419 468 23 231 200 301 111 222 274 157 461 454 415 282 98 221 47 467 35
 none
 205 354 451 206 77 7 247 303 436 263 469 398 349 126 156 492 438 225 386 264 184 93 430 91 445 41 488 111 363 63 12 15 26 153 85 10 382 332 189 33 377 357 389 162 306 194 275 254 68 239 29 108 426 375 485 454 466 299 73 217 477 385 20 227 90 61 62 115 345 117 104 342 289 201 467
 120 383 286 439 135 260 349 472 416 264 456 257 6 163 53 118 157 281 375 337 19 324 229 326 14
 455 190 272 89 244 200 314 204 295 274 369 147 189 173 474 128 216 177 127 239 457 258 246 482 287
 455 359 205 418 7 207 315 279 220 38 314 417 172 374 396 261 394 378 209 95 483 335 19 17
 none
 267 493 393 284 3 407 395 437 55 49 175 334 273 108 19 463 45 448 170 491 287 158 276
 455 197 11 331 232 183 237 495 460 23 264 329 88 230 489 101 219 475 37 116 8 150 123 253 480 457 59 224 282 52 463 50 54 381 92 62 351 321 289 322 467
 110 499 263 450 135 32 184 348 257 63 147 400 496 458 189 294 194 139 201
 418 403 286 387 309 86 386 164 184 446 420 328 261 401 391 134 296 435 241 330 166 165 60 317
 none
 392 383 238 462 368 67 290 91 295 111 410 475 118 157 440 334 389 250 459 227 351 321 413 449 35
 451 191 206 142 383 497 443 274 437 210 374 396 332 25 245 161
 142 272 360 279 444 393 124 347 64 308 12 168 474 399 281 375 333 54 165 372 481
 11 327 27 358 314 88 153 332 8 261 1 194 375
 none
 125 432 361 226 190 185 66 143 444 470 149 87 398 212 112 86 430 182 30 255 41 339 69 363 384 407 464 395 99 109 102 367 256 382 33 175 328 181 58 106 471 273 213 29 333 70 103 20 227 170 74 94 343 482 71
 191 197 327 143 167 288 57 265 184 314 489 257 43 222 420 458 218 334 266 123 399 209 90 322
AND 226 66 160 88 219 395 24 496 294 152 465 406 51 321 139
OR 423 34 451 484 226 298 97 352 418 272 493 247 215 360 66 11 0 462 331 143 368 393 149 232 409 114 72 263 302 412 67 23 349 160 137 443 284 438 408 386 164 456 314 88 230 411 271 133 488 417 295 111 363 219 146 407 429 395 437 208 475 36 24 102 55 240 168 203 256 461 496 452 218 37 25 440 173 82 56 294 334 476 353 471 414 297 394 5 130 194 152 127 465 406 378 253 100 480 95 435 485 224 434 415 258 39 299 46 193 31 4 186 50 16 421 51 228 402 373 83 370 229 166 161 326 491 62 343 321 300 345 139 467 113 276
AND none
OR 125 484 176 442 392 404 383 251 197 303 405 292 238 331 368 149 439 428 468 424 347 355 416 252 21 231 438 107 225 350 456 314 290 329 230 91 308 348 30 133 488 417 295 384 63 202 180 208 400 433 102 168 256 382 25 189 181 294 79 58 397 242 281 336 306 297 278 296 406 457 84 224 19 46 324 52 217 98 186 45 16 385 370 441 227 74 221 351 246 14 317 117 139 262 13 201 481
AND 121 366 430 136 194 425 138 466 448
OR 371 455 121 140 190 206 316 392 97 352 418 272 89 77 151 7 251 493 207 405 215 312 66 279 143 234 439 114 72 263 495 428 419 468 469 124 244 135 302 376 347 75 187 160 472 416 214 252 283 174 231 156 366 137 86 107 350 386 164 314 430 136 3 411 271 204 308 30 445 101 43 417 339 63 274 395 446 12 180 109 233 24 102 55 240 118 210 256 461 199 490 374 382 218 25 76 82 474 56 8 2 266 397 473 487 389 106 380 336 306 401 379 391 154 130 194 250 68 213 425 435 426 138 59 224 434 454 466 258 193 52 17 463 330 16 51 381 228 402 441 325 65 166 92 103 319 448 323 318 74 115 293 351 246 321 144 14 117 449 139 262 158 481
AND none
OR 455 432 121 176 22 120 251 327 470 232 263 269 376 424 398 355 283 21 96 264 164 200 196 88 430 489 308 395 12 6 433 118 203 157 25 364 473 134 465 254 375 337 307 466 299 70 46 193 31 161 323 372 78 293 345 449 71 447 276
AND 360 468 67 231 285 210 56 394 378 459 370 323 78 60 201 467 276
OR 432 451 392 97 418 404 272 403 251 28 215 315 360 312 110 11 0 238 444 436 470 393 149 494 232 409 439 114 87 428 468 469 236 135 412 260 67 23 347 160 214 126 252 427 288 356 231 156 366 492 284 438 350 386 264 456 270 184 358 93 88 230 285 411 182 271 489 308 30 133 101 488 146 274 235 446 99 109 437 233 42 153 36 277 24 367 53 210 157 313 461 199 490 382 122 37 76 175 440 82 56 377 294 334 364 357 116 58 259 242 280 473 177 336 306 394 401 379 391 5 1 275 129 119 291 268 131 211 378 29 253 100 84 95 340 59 224 434 337 454 241 39 73 70 17 4 186 459 373 83 370 441 325 92 103 161 319 323 171 188 78 61 81 305 343 115 293 47 60 300 345 14 117 482 71 104 447 287 158 322 201 467 40 276
AND none
OR 148 359 423 34 140 451 191 484 226 176 206 316 442 392 298 267 352 77 151 195 7 403 390 493 28 303 405 315 279 292 286 331 327 499 80 368 444 470 393 149 453 183 237 263 450 309 468 469 167 236 302 498 67 376 424 23 32 347 155 212 355 187 112 160 472 416 126 27 288 231 96 137 320 443 38 350 265 164 200 184 358 314 192 430 136 141 285 411 182 9 489 308 348 255 388 301 43 488 417 295 111 48 219 384 407 63 429 395 202 180 369 99 437 233 410 172 6 42 400 475 85 277 24 433 55 310 240 118 210 203 157 313 496 490 243 382 122 452 341 49 33 175 440 328 181 82 474 56 476 116 79 2 353 266 473 123 422 177 399 261 281 365 380 414 297 401 379 391 154 5 1 134 130 194 152 178 119 254 68 131 211 378 239 253 480 245 84 425 426 485 138 59 224 434 307 241 282 249 73 70 46 324 52 217 31 4 98 463 186 477 50 338 421 51 381 402 83 441 65 166 103 161 326 165 448 20 227 171 90 170 491 431 221 115 47 60 351 246 413 345 14 342 447 262 158 322 13 467 132 40 35
AND 359 423 226 267 112 86 200 184 91 410 277 213 211 375 186 477 104
OR 148 432 359 423 34 121 140 451 484 226 176 316 392 298 97 267 352 418 89 7 251 497 197 28 303 405 179 292 462 327 234 368 149 486 495 460 469 167 135 498 220 260 67 376 23 32 347 112 214 21 288 356 57 443 438 86 164 200 270 184 290 329 3 91 285 411 271 308 445 133 388 111 407 222 395 446 369 99 410 147 400 85 277 24 55 53 240 157 256 169 304 458 37 76 189 33 56 377 294 334 476 353 216 280 123 177 248 487 471 394 5 1 178 275 465 213 211 378 253 100 480 84 108 209 425 375 434 249 335 299 73 19 324 52 17 4 186 477 459 402 385 325 65 92 103 319 20 318 227 188 372 81 62 351 321 413 144 300 14 117 449 482 104 139 289 447 158 467 113
AND 125 315 0 286 183 387 21 264 204 348 295 363 42 461 496 259 471 491 117
OR 148 125 432 34 361 190 22 316 267 352 404 272 120 390 207 247 497 28 303 215 315 312 179 279 110 292 0 286 462 499 470 494 409 183 114 72 344 495 387 124 236 220 398 75 355 187 349 160 126 252 21 427 288 356 231 366 137 320 284 438 408 107 38 386 264 200 456 184 290 93 136 3 230 182 9 204 489 348 445 133 301 257 41 295 69 363 219 384 407 222 235 12 369 99 109 437 208 26 233 410 172 159 42 147 400 36 433 168 203 256 461 496 243 420 122 341 396 332 37 25 189 33 440 474 377 294 334 364 357 116 353 216 259 397 248 487 389 365 106 162 336 471 273 297 394 5 134 296 130 129 465 119 254 268 68 131 213 29 253 311 457 108 223 434 333 454 466 258 249 335 73 19 324 193 217 4 477 338 45 16 381 228 402 479 373 83 441 65 92 326 20 227 188 491 431 81 62 343 115 293 47 60 351 246 413 300 317 117 71 289 287 13 201 276 35
AND 142 251 279 444 436 464 26 400 10 353 457 224 463 330 51 94 104
OR 432 359 205 423 34 121 191 484 176 142 298 97 267 105 151 383 251 497 215 279 238 143 234 499 444 362 436 393 232 409 439 114 72 495 387 419 309 269 469 236 67 75 155 212 160 472 214 126 27 21 427 96 366 443 438 408 107 350 386 200 196 329 230 411 489 308 30 255 257 295 339 48 69 219 384 407 464 63 274 395 99 26 233 6 400 475 85 277 24 433 55 53 240 168 118 10 490 374 243 169 382 341 33 181 128 377 476 364 116 58 2 353 266 150 281 162 471 414 401 391 154 1 129 119 268 211 378 239 311 245 457 108 209 483 224 434 454 282 70 324 463 477 338 459 330 16 51 381 402 44 373 229 65 161 326 165 323 20 227 94 305 115 246 144 300 317 104 447 158 481 276
AND 354 430 111 153 254 454 73 345 104
OR 371 205 354 140 451 176 206 316 77 195 7 390 247 497 28 303 80 444 436 393 263 419 469 376 398 349 126 156 492 438 408 86 225 38 386 264 184 93 430 91 445 41 488 339 111 363 63 12 15 26 153 85 24 55 168 10 490 304 382 332 76 189 33 377 357 280 150 422 389 380 162 306 471 273 394 194 275 254 291 268 68 213 239 29 108 435 426 375 485 454 466 39 299 73 217 463 477 479 385 325 103 326 20 227 90 170 431 372 61 62 115 60 144 345 317 117 104 139 342 289 201 467 40
AND 432 403 362 453 358 446 202 341 294 291 217 54 481
OR 371 455 148 125 432 205 423 354 34 191 484 226 176 190 206 316 442 392 298 97 267 352 418 105 404 272 120 89 77 151 7 383 403 251 493 207 497 197 28 303 405 215 315 185 360 312 66 279 11 292 0 286 238 462 331 327 143 234 499 80 444 362 436 470 232 409 453 183 237 439 72 263 344 87 460 428 387 419 309 269 469 167 236 135 302 498 412 260 67 376 424 23 32 347 75 155 212 355 187 112 472 416 214 252 283 427 288 356 174 231 478 156 96 137 320 57 443 492 284 408 86 107 225 38 264 456 196 270 358 290 329 88 430 136 141 3 91 285 411 182 204 489 308 348 30 255 445 133 101 388 301 257 41 417 295 339 111 48 69 384 146 407 222 464 63 429 274 235 395 446 202 12 15 180 369 109 208 26 233 410 172 6 159 147 153 400 36 163 277 24 433 102 367 53 310 240 118 210 203 313 256 461 199 490 374 243 169 304 420 382 122 452 341 218 396 332 37 49 25 76 189 33 175 440 173 346 82 474 128 56 377 294 364 357 8 79 58 2 216 259 397 242 280 150 123 422 177 399 248 389 261 365 106 380 471 273 414 297 394 401 379 278 1 134 130 194 152 178 127 129 465 406 250 119 254 291 268 68 131 213 211 378 29 253 100 311 480 245 457 84 108 209 95 435 483 426 340 485 138 59 224 223 333 337 307 415 241 282 466 39 249 335 299 73 19 70 46 193 52 217 31 4 98 463 186 477 50 459 45 16 421 54 51 402 44 479 145 385 373 83 370 441 325 18 166 103 161 165 319 323 318 227 90 188 170 74 491 431 372 94 78 61 62 305 343 115 293 47 60 351 246 321 413 300 345 14 317 449 104 139 342 289 447 287 158 322 13 201 467 132 481 113 276 35
AND none
OR 361 176 404 151 403 360 292 331 499 444 393 183 237 72 450 468 220 187 112 349 21 137 492 284 408 196 270 329 141 64 91 285 182 204 30 445 133 363 146 222 429 235 446 15 109 172 159 163 433 367 310 240 118 490 374 243 37 76 440 328 364 280 487 261 281 380 306 273 391 154 296 152 129 250 119 254 131 100 483 426 415 466 324 31 54 44 145 441 161 326 61 246 139 287 201 467 481
AND none
OR 359 423 354 34 361 191 226 176 442 142 97 404 195 383 403 493 303 405 312 279 0 331 143 368 436 470 232 486 237 263 450 460 419 269 167 135 260 67 347 75 212 187 349 160 416 27 174 137 320 57 284 225 350 386 93 141 64 489 308 445 133 43 41 417 111 48 363 222 274 235 395 99 437 233 147 163 277 53 310 313 461 490 452 37 189 33 175 346 294 334 116 8 79 2 259 422 177 399 261 380 306 414 394 278 1 152 275 250 254 68 131 378 253 311 480 209 425 375 340 138 434 337 454 241 282 466 19 46 17 31 186 477 50 421 51 381 44 479 373 370 325 92 103 165 448 227 188 372 78 343 300 71 289 113 276
AND 371 361 190 238 234 80 450 424 112 252 57 284 314 388 369 437 168 199 243 346 273 152 145 319 491 431
OR 371 455 148 125 432 205 354 34 451 361 191 484 226 190 206 22 442 142 392 298 352 105 404 272 120 151 7 383 403 390 251 493 207 247 497 197 28 303 405 215 315 185 312 66 279 110 292 0 238 462 331 327 143 234 499 80 368 444 362 436 470 393 149 494 232 409 486 453 237 439 114 263 344 87 450 495 460 428 419 468 469 124 236 244 302 412 220 260 67 424 23 32 75 155 212 355 187 112 349 160 472 416 214 252 283 27 21 427 288 356 174 478 156 96 366 137 320 57 443 492 284 408 86 107 225 38 350 386 265 264 164 200 456 196 184 358 314 290 192 93 88 430 136 141 3 64 91 285 411 182 271 204 489 348 30 255 445 133 101 388 301 257 43 41 488 417 295 339 111 48 69 219 146 222 464 198 63 429 274 235 202 12 180 369 99 109 437 208 26 233 172 6 159 42 147 153 400 36 163 85 277 433 367 55 53 240 168 210 10 203 157 313 256 199 496 490 374 243 169 304 458 122 452 341 218 396 332 37 25 189 33 440 328 173 346 181 82 474 128 294 334 476 357 79 58 2 216 259 266 397 280 150 177 248 487 261 281 380 336 306 273 414 297 394 401 379 391 154 5 278 1 134 296 130 194 152 178 127 129 465 406 250 119 68 211 378 29 100 480 245 457 84 95 425 435 426 375 340 485 224 223 434 333 337 307 454 415 241 466 258 39 249 335 299 73 19 70 46 324 193 52 17 31 4 463 477 50 338 459 330 16 421 54 381 228 402 44 479 145 385 373 370 325 18 229 65 166 92 103 161 326 165 319 448 323 20 318 227 171 188 170 491 431 372 94 61 81 62 305 221 343 115 293 47 60 351 246 321 413 144 300 14 317 117 482 71 104 139 289 447 287 158 322 13 201 467 132 481 113 40 276 35
AND none
OR 455 148 359 205 354 34 121 140 451 191 484 176 190 206 442 142 392 298 267 418 404 272 120 89 151 195 7 403 390 251 493 497 28 405 315 185 360 312 179 66 279 110 0 286 238 462 331 327 143 234 80 368 444 362 436 470 393 149 494 232 409 486 453 183 439 344 460 428 387 419 309 469 124 236 135 302 498 412 260 376 23 32 398 347 75 155 212 349 160 472 416 126 252 27 21 427 288 356 174 231 478 156 96 366 137 320 443 492 438 408 86 38 350 386 265 164 200 456 196 270 184 358 290 192 93 88 430 136 141 64 91 411 9 271 489 348 30 255 445 133 101 301 257 43 41 488 417 295 48 69 363 219 384 407 198 429 395 15 180 99 208 410 172 42 147 153 400 36 277 24 433 102 367 55 53 240 168 118 210 10 313 461 496 490 374 243 169 304 420 382 452 218 396 332 49 25 76 189 33 175 173 346 181 128 56 294 476 357 116 8 216 259 266 397 242 280 473 150 422 177 248 389 261 281 365 106 380 162 336 306 471 273 297 394 401 379 391 5 278 1 134 296 130 152 127 275 129 465 406 250 119 254 291 131 213 239 29 253 100 480 245 457 84 209 95 425 435 483 426 375 340 485 59 224 337 307 454 415 241 282 258 39 335 299 73 19 52 17 217 31 477 50 338 459 330 45 421 54 381 402 44 479 145 385 83 370 441 325 18 229 166 92 103 161 326 165 319 448 323 20 171 90 188 170 74 431 94 78 61 81 62 305 221 343 293 47 60 351 246 321 345 317 482 71 104 342 289 447 262 158 322 13 201 132 481 40
AND none
OR 125 432 423 361 484 226 190 142 151 195 185 66 143 499 80 444 470 149 486 87 495 220 398 212 112 137 86 164 314 192 430 141 91 182 30 255 41 339 69 363 384 146 407 464 429 395 99 109 26 147 475 102 367 256 382 49 25 33 175 328 181 474 364 58 216 106 162 471 273 154 5 134 119 131 213 29 100 425 223 333 415 70 459 381 166 103 448 20 318 227 170 74 491 94 78 62 221 343 293 300 482 71 287 132
AND none
OR 361 352 195 493 207 247 185 234 393 149 494 409 183 114 263 495 67 398 214 283 174 366 88 285 9 301 363 146 222 446 172 159 42 400 475 118 210 256 490 218 56 294 334 476 2 261 162 336 401 152 178 465 131 211 480 457 84 375 138 46 228 83 441 18 65 166 161 188 491 221 47 117 449 322 132
