 298 272 120 494 495 67 428 398 430 219 464 257 159 240 433 357 399 297 311 100 378 282 170 431 413
 423 451 484 226 97 298 272 493 11 215 360 143 66 0 331 393 368 72 263 409 114 232 412 160 438 386 456 88 314 271 219 363 146 133 395 429 437 102 24 203 496 256 440 37 294 476 353 297 471 5 152 194 127 406 130 435 253 465 39 258 4 46 31 51 373 326 370 343 62 321 345 300 139 467
 392 232 269 320 438 265 284 363 180 55 53 243 116 414 106 154 119 485 227 90 81 47
 121 22 303 143 185 494 179 460 187 21 356 492 271 101 25 380 154 480 68 485 258 477 318 61 144 113
 none
 89 11 220 265 172 235 42 310 476 242 397 480 245 296 318 482 132 35
 455 484 190 97 195 7 462 28 303 198 48 6 102 304 461 181 173 242 5 250 335 98 50 45 370 293 287
 359 499 263 87 498 260 192 146 198 369 235 440 128 485 307 166 61 262
 195 292 450 419 264 41 180 159 53 85 173 56 266 334 275 129 134 178 435 466 370 61 305 345
 none
 121 405 143 80 486 263 344 149 244 270 109 377 193 4 18 61 117 342
 455 359 392 497 312 494 362 460 387 156 174 492 184 9 445 295 196 109 53 49 291 98 402 62 78
 451 105 72 486 436 409 167 366 200 136 488 43 369 163 490 76 461 313 380 130 465 454 65 318 35
 22 352 197 462 327 72 86 225 388 464 407 429 173 154 296 299 170 13
 none
 371 354 392 390 11 331 87 386 489 233 180 36 242 425
 432 205 191 89 387 23 156 358 255 63 48 452 36 82 58 311 19 103 227 171 81 221 71 447 262
 121 279 237 376 156 456 93 102 310 452 123 2 224 46 16 14 289 481
 371 121 206 331 470 183 112 295 339 202 12 102 42 37 364 465 223 318 221 71
 none
 205 251 360 315 238 292 393 160 212 57 363 417 6 473 399 306 39 249 170 343
 195 66 80 107 174 288 320 384 26 15 109 240 163 128 377 473 281 213 84 65 165 287
 148 140 206 298 383 279 498 67 32 244 126 492 386 136 219 388 230 202 118 199 122 128 248 389 291 213 254 98 158 481
 423 191 226 195 493 279 0 331 460 269 187 27 167 320 350 308 43 489 111 133 41 48 233 163 310 461 33 37 294 116 79 399 414 278 275 380 131 209 253 434 68 340 454 466 17 46 19 50 381 421 325 227 78 188 300 113 276
 none
 316 110 412 32 376 155 88 295 146 395 208 6 10 150 177 426 372 447
 386 339 395 407 285 256 336 5 457 340 1 73 92 201
 371 34 298 143 185 87 439 149 124 412 428 472 366 88 446 374 357 422 434 103 421 90 113
 432 354 206 22 72 114 398 320 202 33 357 131 296 282 330 186 98 373 421 20 90
 none
 371 197 493 462 143 327 362 244 126 141 339 301 63 257 147 85 374 10 365 162 154 29 483 340 466 17 83 373 441 40
 272 195 303 309 412 376 427 416 329 15 36 294 58 346 379 29 245 375 98 145 74 262
 110 286 498 23 438 492 290 417 12 304 476 74 61 481 35
 34 392 251 151 11 247 486 409 419 468 23 231 200 111 301 274 222 157 461 415 282 454 98 47 221 467 35
 none
 205 354 451 206 77 7 247 303 263 436 469 349 398 156 126 438 492 184 225 264 386 430 93 91 488 445 363 111 41 63 26 153 12 15 85 189 382 33 332 10 357 377 389 162 275 306 194 239 29 108 426 68 375 485 254 454 73 466 299 217 477 385 227 20 90 62 115 61 345 104 117 342 289 201 467
 120 383 286 439 135 260 349 472 416 264 456 257 6 163 118 53 157 281 375 337 324 19 229 326 14
 455 190 272 89 244 200 204 314 295 369 274 147 189 128 173 474 216 177 239 127 457 258 246 482 287
 455 359 205 418 7 207 315 279 220 38 314 417 172 374 396 261 394 483 209 95 378 335 17 19
 none
 267 493 393 284 3 395 407 437 55 175 49 334 273 108 463 19 45 170 448 491 287 158 276
 455 197 11 331 237 183 232 495 460 23 264 329 88 101 489 219 230 475 37 150 8 123 116 480 457 253 59 282 224 463 52 50 54 381 92 62 351 321 289 322 467
 110 499 263 450 32 135 184 348 63 257 400 147 458 496 189 294 194 139 201
 418 403 286 309 387 164 86 184 386 446 420 328 261 401 391 134 296 435 241 330 165 166 60 317
 none
 392 383 462 238 368 67 290 91 295 111 475 410 118 157 440 334 389 250 459 227 351 321 413 449 35
 451 191 206 142 497 383 443 274 437 210 25 374 332 396 245 161
 142 272 360 279 444 393 124 347 64 308 12 168 474 399 281 333 375 54 165 372 481
 11 327 27 88 314 358 153 332 8 261 194 375 1
 none
 125 432 361 226 190 143 185 66 444 470 87 149 112 398 212 86 430 182 30 464 363 255 339 384 395 41 69 407 99 109 367 102 175 382 256 33 181 328 58 471 106 273 29 213 333 70 103 227 170 20 74 343 94 482 71
 191 197 143 327 167 288 57 265 184 314 43 489 257 222 458 420 218 266 123 334 399 209 90 322
AND 226 66 160 88 219 395 24 496 294 152 406 465 51 321 139
OR 423 34 451 484 226 352 97 298 418 272 493 462 11 215 360 247 143 66 0 331 393 368 72 263 409 149 114 232 67 412 23 302 349 160 408 443 137 438 164 284 386 456 88 314 271 411 488 219 295 230 363 111 146 133 395 417 407 429 475 208 437 102 240 55 24 168 203 496 25 452 461 256 440 218 37 173 36 56 82 294 476 353 334 297 471 414 394 5 152 194 127 406 480 130 100 435 253 95 378 465 434 485 415 224 39 258 193 299 186 4 46 228 16 83 31 50 51 402 229 373 421 326 370 166 161 343 62 491 321 345 300 139 467 113 276
AND none
OR 125 484 176 392 442 404 251 197 383 405 238 303 331 292 368 439 149 424 468 428 347 21 107 231 252 355 416 438 350 290 225 456 329 314 91 308 30 488 348 295 230 384 133 63 417 202 180 208 102 168 400 433 25 189 382 256 181 294 58 242 79 397 297 281 336 278 306 406 457 296 84 224 324 52 186 46 98 217 16 19 385 45 441 370 227 74 351 221 246 14 317 139 117 262 201 13 481
AND 121 366 430 136 194 425 138 466 448
OR 371 455 121 140 206 392 190 316 352 97 418 272 77 7 251 493 207 151 89 215 312 405 143 279 66 234 72 263 439 114 495 419 468 124 244 469 135 187 376 302 428 347 160 472 75 107 156 231 366 252 174 283 416 137 214 164 350 86 386 204 314 430 271 308 136 30 411 3 101 43 445 339 395 63 417 233 274 446 12 180 109 102 240 210 55 24 118 490 199 76 25 461 382 256 218 374 56 82 474 266 8 2 473 389 397 379 487 106 336 401 391 306 380 194 154 250 130 213 435 425 138 426 434 68 59 224 454 466 258 193 17 463 52 330 228 16 65 51 381 402 103 325 441 92 166 318 323 448 74 319 115 351 293 321 246 144 14 139 117 449 262 158 481
AND none
OR 455 432 121 176 22 120 251 327 470 263 232 269 424 376 21 398 96 355 283 200 164 264 88 430 308 489 196 395 12 6 433 118 157 203 25 364 473 134 465 375 337 307 254 466 70 193 299 46 31 372 323 161 78 293 345 449 71 447 276
AND 360 468 67 231 285 210 56 394 378 459 370 323 78 60 201 467 276
OR 432 451 392 97 418 272 404 251 403 11 215 360 315 312 28 238 110 0 494 444 393 470 87 439 436 409 149 114 232 468 67 412 23 469 135 260 428 347 160 236 156 231 427 366 356 252 288 126 438 214 350 492 284 184 264 386 270 456 88 93 358 271 308 182 30 411 488 101 489 230 146 133 233 285 274 446 153 99 109 437 367 210 24 277 235 42 490 199 53 76 157 175 461 382 440 313 122 37 36 56 82 294 364 259 357 280 58 116 334 377 177 473 242 379 336 394 401 391 5 275 306 129 268 29 131 119 291 100 211 253 95 378 84 434 340 59 337 1 224 454 73 39 70 241 17 186 459 4 83 373 103 325 441 92 370 323 161 319 171 343 78 81 188 115 61 305 47 293 60 345 14 300 104 117 482 71 447 287 322 158 201 467 40 276
AND none
OR 148 359 423 34 451 191 484 226 140 206 176 392 442 316 352 267 298 77 195 7 390 493 151 403 315 405 28 303 327 279 331 292 499 286 444 393 80 368 453 237 470 263 149 183 450 309 498 424 468 67 32 23 469 187 376 302 112 27 347 160 236 472 155 231 212 167 96 355 288 416 320 443 137 126 200 164 350 265 184 38 314 192 430 141 9 358 308 136 182 411 488 43 489 219 388 348 295 255 111 384 301 395 63 48 417 407 233 285 369 202 429 99 172 475 180 437 6 240 210 55 24 410 277 400 433 118 42 490 85 157 310 203 496 243 452 175 382 440 313 341 33 122 181 328 49 56 82 474 266 476 353 123 116 2 177 473 79 422 399 261 297 365 379 281 414 401 391 5 152 380 194 154 239 131 134 480 130 178 245 119 211 425 253 138 378 426 84 434 68 59 485 307 282 254 1 224 73 324 70 249 241 463 52 186 4 46 98 217 477 338 83 31 50 65 51 381 402 165 103 421 326 441 166 227 161 170 448 20 171 90 491 431 115 47 351 60 221 413 246 345 14 342 447 322 262 158 467 13 132 40 35
AND 359 423 226 267 112 200 86 184 91 410 277 211 213 375 186 477 104
OR 148 432 359 423 34 121 451 484 226 140 176 392 316 352 97 267 298 418 7 497 251 197 462 89 405 28 303 327 292 234 368 179 486 149 495 498 460 67 220 32 23 469 135 260 376 112 347 21 167 356 288 443 200 57 438 214 164 86 184 290 270 329 271 91 308 411 3 388 445 111 133 395 407 285 369 446 222 99 240 55 24 410 277 400 147 53 458 85 76 157 304 189 256 33 37 56 294 476 216 169 280 353 123 334 377 177 248 471 487 394 5 275 480 178 108 100 211 213 425 209 253 378 465 84 434 375 1 335 73 324 249 17 299 52 186 459 4 477 19 385 65 402 103 325 92 372 318 227 20 319 62 81 188 351 321 413 144 14 300 139 104 117 449 482 447 289 158 467 113
AND 125 315 0 286 183 387 21 264 204 348 295 363 42 496 461 259 471 491 117
OR 148 125 432 34 361 22 190 316 352 267 272 404 120 497 390 207 462 215 247 315 312 28 303 110 279 0 292 499 494 286 179 72 470 344 409 183 114 495 124 387 220 187 349 160 236 21 398 75 107 231 427 366 356 252 355 288 320 408 137 126 200 438 284 184 290 264 386 204 456 38 93 9 136 182 3 489 219 445 348 295 230 363 384 133 301 41 69 257 407 233 26 369 222 99 12 172 109 159 208 437 168 410 400 147 433 235 42 203 496 25 243 461 420 189 256 440 341 33 332 122 37 396 36 474 294 364 259 216 357 353 116 334 377 248 389 397 297 365 471 487 106 336 394 162 273 5 129 268 29 131 134 130 311 119 457 108 213 296 253 465 333 434 68 254 335 223 454 73 466 324 249 258 193 4 217 228 477 16 19 338 83 45 65 381 479 402 373 326 441 92 227 20 343 62 491 81 431 188 115 47 351 293 60 413 246 300 317 117 71 289 287 201 13 276 35
AND 142 251 279 444 436 464 26 400 10 353 457 224 463 330 51 94 104
OR 432 359 205 423 34 121 191 484 176 142 97 267 298 105 497 251 383 151 215 238 143 279 499 444 362 234 393 72 439 436 409 114 232 495 309 419 269 387 67 469 27 160 236 21 472 155 75 107 427 212 96 366 408 443 126 200 438 214 350 386 329 308 30 411 489 219 295 230 464 196 255 339 384 395 69 63 48 257 407 233 26 274 99 475 6 240 55 24 168 277 400 433 118 490 53 85 243 382 341 374 33 10 181 128 266 364 476 150 169 58 353 116 377 2 281 471 414 401 162 391 154 129 239 268 311 245 119 457 108 211 483 209 378 434 282 1 224 454 324 70 463 330 459 477 16 338 44 65 51 381 402 229 373 165 326 227 323 161 20 94 115 305 246 144 300 317 104 447 158 481 276
AND 354 430 111 153 254 454 73 345 104
OR 371 205 354 451 140 206 176 316 77 195 7 497 390 247 28 303 444 393 80 263 436 419 469 376 349 398 156 408 126 438 492 86 184 225 264 386 38 430 93 91 488 445 363 339 111 41 63 26 153 12 15 55 24 168 490 85 76 304 189 382 33 332 10 357 150 280 377 389 422 471 394 162 273 275 306 380 194 239 268 29 108 291 213 435 426 68 375 485 254 454 73 39 466 463 299 217 477 385 479 103 326 325 372 227 170 20 90 62 431 115 61 60 144 345 317 139 104 117 342 289 201 467 40
AND 432 403 362 453 358 446 202 341 294 291 217 54 481
OR 371 455 148 125 432 205 423 354 34 191 484 226 206 176 392 442 190 316 352 97 267 298 105 418 272 404 120 77 7 497 251 197 383 493 207 462 151 89 403 11 215 360 315 312 405 28 238 303 143 185 327 279 66 0 331 292 499 286 444 362 234 80 453 237 72 470 263 87 344 439 436 409 183 232 309 419 498 460 269 424 387 67 412 32 23 469 135 260 187 376 302 112 428 347 236 472 155 75 107 156 231 427 212 167 96 356 252 174 355 288 283 416 320 408 443 137 57 478 214 492 86 284 290 225 264 204 270 456 38 329 88 430 141 358 91 308 136 182 30 411 3 101 489 388 445 348 295 464 196 255 339 111 384 146 133 301 395 41 69 63 48 417 257 407 233 26 285 369 274 446 222 202 429 153 12 15 172 180 109 159 208 367 6 102 240 210 24 410 277 163 400 147 433 118 235 490 199 53 76 310 203 304 25 243 452 175 461 420 189 382 256 440 313 218 341 374 33 332 122 37 396 128 49 173 36 56 82 474 294 364 259 216 357 150 169 280 8 58 346 123 377 2 177 248 389 242 79 422 399 261 397 297 365 379 471 414 106 394 401 273 278 152 380 194 129 268 127 29 131 250 406 134 480 130 178 311 245 119 457 108 291 100 211 213 435 483 209 253 138 95 378 465 333 426 84 68 340 59 485 337 415 307 282 254 1 224 335 223 73 39 466 70 249 193 241 463 299 52 186 459 4 46 98 217 477 16 19 83 31 145 50 44 54 385 45 51 479 402 373 18 165 103 421 325 441 370 166 372 318 227 323 161 170 74 319 90 343 62 78 491 94 431 188 115 61 305 47 351 293 321 60 413 246 345 14 300 317 139 104 449 342 447 289 287 322 158 201 467 13 132 481 113 276 35
AND none
OR 361 176 404 151 403 360 331 292 499 444 393 237 72 183 450 468 220 187 112 349 21 408 137 492 284 204 270 329 64 141 91 182 30 445 196 363 146 133 285 446 222 429 15 172 109 159 367 240 163 433 118 235 490 76 310 243 440 374 37 328 364 280 261 281 487 273 391 152 306 380 154 129 131 250 119 100 296 483 426 415 254 466 324 31 145 44 54 326 441 161 61 246 139 287 201 467 481
AND none
OR 359 423 354 34 191 361 226 176 442 142 97 404 195 383 493 403 312 405 303 143 279 0 331 368 237 486 470 263 436 232 450 419 460 269 67 135 260 187 27 349 347 160 75 212 167 174 416 320 137 57 350 284 225 386 64 141 93 308 43 489 445 363 111 133 395 41 48 417 233 274 222 99 437 277 163 147 235 490 53 310 452 175 461 189 313 33 37 294 259 8 346 116 334 2 177 79 422 399 261 414 394 278 152 275 306 380 131 250 480 311 425 209 253 138 378 434 68 340 375 337 282 254 1 454 466 241 17 186 46 477 19 31 50 44 51 381 479 373 165 103 421 325 92 370 372 227 448 343 78 188 300 71 289 113 276
AND 371 361 190 238 234 80 450 424 112 252 57 284 314 388 369 437 168 199 243 346 273 152 145 319 491 431
OR 371 455 148 125 432 205 354 34 451 191 361 484 226 206 22 392 442 190 352 142 298 105 272 404 120 7 497 251 197 383 390 493 207 462 151 403 215 247 315 312 405 28 238 303 143 185 110 327 279 66 0 331 292 499 494 444 362 234 393 80 368 453 237 486 470 263 87 344 439 436 409 149 114 232 450 495 419 460 424 468 124 67 412 220 32 244 23 469 260 187 302 112 27 349 428 160 236 21 472 155 75 107 156 427 212 96 366 356 252 174 355 288 283 416 320 408 443 137 200 57 478 214 164 350 492 265 86 284 184 290 225 264 386 204 456 38 88 314 64 192 430 141 93 358 271 91 136 182 30 411 3 488 101 43 489 219 388 445 348 295 464 196 255 339 111 146 133 301 41 69 198 63 48 417 257 233 26 285 369 274 222 202 429 153 99 12 172 180 109 159 208 437 367 6 240 210 55 168 277 163 400 147 433 235 42 490 199 53 458 85 157 203 304 496 25 243 452 189 256 440 313 218 341 374 33 332 122 37 10 181 396 128 328 173 36 82 474 266 294 476 259 216 357 150 169 280 58 346 334 2 177 248 79 261 397 297 379 281 414 487 336 394 401 273 278 391 5 152 306 380 194 154 129 127 29 250 406 134 480 130 178 245 119 457 100 211 296 435 425 95 378 465 333 426 84 434 68 340 375 485 337 415 307 1 224 335 223 454 73 39 466 324 70 249 258 193 241 17 463 299 52 330 459 4 46 228 477 16 19 338 31 145 50 44 54 385 65 381 479 402 229 373 18 165 103 421 326 325 92 370 166 372 318 227 323 161 170 448 20 319 171 343 62 491 94 81 431 188 115 61 305 47 351 293 321 60 221 413 246 144 14 300 317 139 104 117 482 71 447 289 287 322 158 201 467 13 132 481 113 40 276 35
AND none
OR 455 148 359 205 354 34 121 451 191 484 140 206 176 392 442 190 142 267 298 418 272 404 120 195 7 497 251 390 493 462 151 89 403 360 315 312 405 28 238 143 185 110 327 279 66 0 331 494 286 444 362 234 393 80 368 179 453 486 470 344 439 436 409 149 183 232 309 419 498 460 124 387 412 32 23 469 135 260 376 302 27 349 428 347 160 236 21 472 398 155 75 156 231 427 212 96 366 356 252 174 288 416 320 408 443 137 126 200 478 438 164 350 492 265 86 184 290 386 270 456 38 88 64 192 430 141 93 9 358 271 91 136 30 411 488 101 43 489 219 445 348 295 196 363 255 384 133 301 395 41 69 198 48 417 257 407 429 153 99 15 172 180 208 367 102 240 210 55 24 168 410 277 400 147 433 118 42 490 53 76 304 496 25 243 452 175 461 420 189 382 313 218 374 33 332 10 181 396 128 49 173 36 56 266 294 476 259 216 357 150 169 280 8 346 116 177 248 473 389 242 422 261 397 297 365 379 281 471 106 336 394 401 162 273 278 391 5 152 275 306 380 129 239 127 29 131 250 406 134 480 130 245 119 457 291 100 213 296 435 483 425 209 253 95 465 426 84 340 59 375 485 337 415 307 282 254 1 224 335 454 73 39 258 241 17 299 52 330 459 217 477 19 338 83 31 145 50 44 54 385 45 381 479 402 229 18 165 103 421 326 325 441 92 370 166 323 161 170 448 20 74 319 171 90 343 62 78 94 81 431 188 61 305 47 351 293 321 60 221 246 345 317 104 482 71 342 447 289 322 262 158 201 13 132 481 40
AND none
OR 125 432 423 361 484 226 190 142 195 151 143 185 66 499 444 80 486 470 87 149 495 220 112 398 212 137 164 86 314 192 430 141 91 182 30 464 363 255 339 384 146 395 41 69 407 26 429 99 475 109 367 102 147 25 175 382 256 33 181 328 49 474 364 216 58 471 106 162 273 5 154 29 131 134 119 100 213 425 333 415 223 70 459 381 103 166 318 227 170 448 20 74 343 62 78 491 94 293 221 300 482 71 287 132
AND none
OR 361 352 195 493 207 247 185 494 234 393 263 409 149 183 114 495 67 398 366 174 283 214 88 9 363 146 301 285 446 222 172 475 159 210 400 118 42 490 256 218 56 294 476 334 2 261 336 401 162 152 131 480 178 457 211 138 465 84 375 46 228 83 65 18 441 166 161 491 188 47 221 117 449 322 132
