 298 272 120 494 495 67 398 428 430 219 464 257 240 159 433 357 297 399 311 100 282 378 170 431 413
 423 451 484 226 97 298 272 493 11 215 360 143 331 0 66 393 368 72 263 409 114 232 412 160 438 456 386 88 271 314 219 363 395 146 133 429 102 437 24 203 440 496 256 37 294 476 353 297 471 152 5 194 127 406 435 130 253 465 39 258 4 46 31 51 326 373 370 343 62 321 345 139 300 467
 392 232 269 320 438 265 284 363 180 55 53 243 116 414 106 154 119 485 227 90 81 47
 121 22 143 494 185 303 179 460 187 21 356 492 271 101 25 154 480 380 485 68 258 477 318 61 144 113
 none
 11 89 220 265 172 42 310 235 476 242 397 480 245 296 318 482 132 35
 455 484 190 97 195 7 462 28 303 198 48 102 6 304 461 181 173 242 5 250 335 98 50 45 370 293 287
 359 499 87 263 498 260 192 146 198 369 440 235 128 485 307 166 61 262
 195 292 419 450 264 41 159 180 53 85 266 56 173 334 275 129 134 178 435 466 370 61 305 345
 none
 121 143 405 80 486 263 344 149 244 270 109 377 193 4 18 61 117 342
 455 359 392 497 312 494 362 460 387 156 174 184 492 9 445 295 196 109 53 49 291 98 402 62 78
 451 105 72 486 409 436 366 200 167 136 488 43 369 490 163 76 461 313 380 130 465 454 65 318 35
 352 22 462 197 327 72 86 225 388 464 407 429 173 154 296 299 170 13
 none
 371 354 392 390 11 331 87 386 489 233 180 36 242 425
 432 205 191 89 23 387 156 358 63 48 255 452 82 36 58 311 19 103 227 171 81 221 71 447 262
 121 279 237 376 156 456 93 102 452 310 123 2 224 16 46 14 289 481
 371 121 206 331 470 183 112 295 339 202 102 12 42 37 364 465 223 318 221 71
 none
 205 251 360 238 315 292 393 160 212 57 363 417 6 473 399 306 39 249 170 343
 195 66 80 107 174 288 320 384 26 240 15 109 163 128 473 377 281 213 84 65 165 287
 148 140 206 298 383 279 498 32 67 244 126 492 386 136 219 388 230 202 118 199 128 122 248 389 291 213 254 98 158 481
 423 191 226 195 493 331 0 279 269 460 187 27 320 167 350 308 43 489 111 233 48 41 133 163 310 33 461 37 294 116 399 79 414 278 275 131 380 209 434 340 253 68 466 454 17 46 19 50 381 325 227 421 78 188 300 113 276
 none
 316 110 32 412 376 155 88 295 395 146 208 6 10 150 177 426 372 447
 386 395 339 407 285 256 336 5 457 340 73 1 92 201
 371 34 298 143 185 87 439 149 124 412 472 366 428 88 446 374 357 422 434 103 421 90 113
 432 354 206 22 72 114 398 320 202 33 357 131 296 282 330 186 98 373 421 20 90
 none
 371 462 197 493 143 327 362 244 126 141 63 339 301 257 147 85 374 10 365 162 154 29 483 340 466 17 83 373 441 40
 272 195 303 309 412 376 427 416 329 15 294 36 58 379 346 29 245 375 98 145 74 262
 110 286 498 23 438 290 492 417 12 304 476 74 61 481 35
 34 392 251 11 151 247 486 409 419 468 23 231 200 111 301 274 222 157 461 415 282 454 98 47 221 467 35
 none
 205 354 451 206 77 7 247 303 263 436 349 469 156 398 126 438 184 492 264 225 386 430 91 93 488 445 363 111 63 26 41 153 12 15 189 85 382 33 332 10 357 389 377 275 239 162 194 29 306 108 426 485 375 68 73 466 254 454 299 477 217 385 227 20 90 62 115 61 345 104 117 342 289 201 467
 120 383 286 439 349 135 260 472 416 264 456 257 6 118 163 157 53 281 337 375 324 19 229 326 14
 455 190 272 89 244 200 204 314 295 369 274 147 189 128 173 474 216 177 239 127 457 258 246 482 287
 455 359 205 418 7 207 315 279 220 38 314 417 172 374 396 261 394 483 209 95 378 335 17 19
 none
 267 493 393 284 3 395 407 437 55 175 49 334 273 108 463 19 45 170 448 491 287 158 276
 455 197 11 331 237 183 232 495 460 23 264 329 88 219 101 489 230 475 37 150 123 8 116 480 457 59 253 282 224 463 52 54 50 381 92 62 351 321 322 289 467
 110 499 263 450 32 135 184 348 63 257 400 458 147 189 496 294 194 139 201
 418 403 286 309 387 164 184 86 386 446 420 328 261 401 391 134 435 296 241 330 165 166 60 317
 none
 392 462 383 238 368 67 290 91 295 111 475 118 410 157 440 389 334 250 459 227 351 321 413 449 35
 191 451 206 142 497 383 443 274 210 437 25 332 374 396 245 161
 142 272 360 279 444 393 124 347 64 308 12 168 474 399 281 333 375 54 165 372 481
 11 327 27 88 314 358 153 332 8 261 194 375 1
 none
 125 432 361 226 190 143 185 66 444 87 470 149 112 398 212 86 430 30 182 464 363 395 384 339 69 255 41 407 367 99 102 109 175 382 33 181 256 328 58 471 106 273 29 333 213 70 103 227 170 74 20 343 94 482 71
 191 197 143 327 288 57 167 265 184 314 43 489 257 222 458 420 218 266 123 334 399 209 90 322
AND 226 66 160 88 219 395 24 496 294 152 406 465 51 321 139
OR 423 34 451 484 226 352 97 298 418 272 462 493 11 215 360 143 247 331 0 66 393 368 72 263 409 149 114 232 67 412 23 349 160 302 408 443 137 164 438 284 456 386 88 271 314 219 411 488 295 363 395 146 111 230 133 407 417 475 429 102 240 208 437 55 24 168 25 203 452 440 496 218 461 256 37 56 173 82 294 476 36 353 297 334 414 471 394 152 5 194 480 127 406 435 130 100 434 95 415 253 485 378 465 39 224 258 193 186 228 299 4 16 83 46 50 31 229 51 402 326 373 370 421 166 161 343 62 491 321 345 139 300 467 113 276
AND none
OR 125 484 392 176 442 404 197 251 383 238 405 331 303 292 368 439 149 424 468 21 107 347 231 252 428 355 416 438 350 290 225 329 456 308 314 91 30 488 295 348 384 63 230 133 417 202 102 180 208 168 433 400 25 189 382 181 256 294 297 58 242 397 281 79 336 278 306 406 457 296 84 324 224 186 52 16 98 46 217 385 19 45 441 370 227 74 351 246 221 14 139 317 117 262 201 13 481
AND 121 366 430 136 194 425 138 466 448
OR 371 455 121 140 206 392 352 316 190 97 418 272 77 7 251 493 207 215 151 312 89 143 405 279 66 234 72 263 439 114 419 495 468 187 124 244 135 107 376 160 469 472 302 347 156 231 75 366 174 252 428 283 137 416 164 350 204 86 214 386 308 271 430 314 30 136 411 43 101 3 445 395 63 339 233 417 274 446 102 210 240 12 180 109 55 24 118 490 76 199 25 218 382 461 256 374 266 56 82 474 8 389 379 2 473 397 336 401 106 487 391 194 154 306 380 250 435 130 425 138 213 434 426 59 68 466 224 258 454 193 17 463 330 52 228 16 65 51 381 402 103 325 441 92 318 323 166 74 448 319 115 351 293 321 144 246 14 139 449 117 262 158 481
AND none
OR 455 432 121 176 22 120 251 327 263 470 232 269 424 21 376 398 96 200 283 355 164 264 88 308 430 489 395 196 12 6 118 433 25 157 203 364 473 134 337 375 307 465 70 466 254 193 299 46 31 372 323 161 78 293 345 449 71 447 276
AND 360 468 67 231 210 285 56 394 378 459 370 323 78 60 201 467 276
OR 432 451 392 97 418 272 404 251 11 215 360 403 238 312 315 28 494 110 0 444 393 87 439 470 409 436 149 114 232 468 67 412 23 135 260 160 469 347 156 231 427 236 366 356 252 288 428 126 438 350 184 492 284 214 264 270 456 386 88 308 271 30 182 93 358 411 488 101 489 146 233 230 133 274 446 153 367 99 210 285 109 437 24 277 490 76 199 42 157 175 53 440 235 382 461 313 37 122 56 82 294 259 364 357 280 36 58 177 116 379 334 473 377 242 394 336 401 275 5 391 129 29 268 306 131 100 291 119 211 434 337 95 340 59 253 84 378 73 39 70 224 454 1 241 17 459 186 4 83 103 373 325 441 92 370 323 161 171 343 319 78 115 81 47 188 61 293 305 60 345 14 300 104 117 482 71 447 322 287 158 201 467 40 276
AND none
OR 148 359 423 34 191 451 484 226 140 206 392 352 176 442 316 267 298 195 77 7 390 493 403 151 315 405 327 28 331 279 499 303 292 444 286 393 453 80 368 237 263 470 183 149 498 309 450 424 468 32 67 187 23 27 112 376 160 469 472 302 347 231 155 96 236 200 212 288 320 443 137 355 416 126 167 164 265 350 184 38 308 9 141 430 314 192 182 136 358 219 411 488 43 388 489 295 348 395 384 111 63 233 48 255 301 407 369 417 202 475 429 99 172 210 240 285 180 6 437 55 24 277 118 490 433 400 410 42 157 175 203 452 440 243 310 496 85 382 33 341 181 313 122 328 266 49 56 82 474 476 123 353 297 177 116 379 2 261 365 473 399 422 281 79 414 401 152 239 5 391 194 154 480 131 380 245 134 178 130 425 138 119 211 434 426 59 253 485 282 84 307 378 68 73 324 70 224 249 254 1 241 463 186 52 4 98 83 46 477 217 338 65 50 31 165 51 381 402 326 103 441 227 421 170 166 161 448 20 171 90 115 491 431 47 351 413 60 345 246 221 14 342 447 322 262 158 467 132 13 40 35
AND 359 423 226 267 112 200 184 86 91 277 410 211 213 375 186 477 104
OR 148 432 359 423 34 121 451 484 226 140 392 352 176 316 267 97 298 418 497 7 462 197 251 89 405 327 28 303 292 234 368 486 179 149 498 495 460 32 67 220 23 112 135 21 260 376 469 347 356 200 288 443 57 167 164 438 184 290 86 214 329 270 308 271 91 411 3 388 445 395 111 133 407 369 446 222 99 240 285 55 24 277 76 400 410 458 147 304 157 53 189 85 33 256 37 56 294 216 476 280 123 353 248 177 334 377 169 471 394 487 275 5 480 108 178 100 425 211 209 213 434 253 375 84 378 465 335 73 324 249 1 17 459 186 52 299 4 477 65 385 19 402 103 372 325 92 318 227 20 319 62 81 351 188 321 413 144 14 139 300 104 449 117 482 447 289 158 467 113
AND 125 315 0 286 183 21 387 204 264 295 363 348 42 496 461 259 471 491 117
OR 148 125 432 34 361 352 22 316 190 267 272 404 120 497 462 390 207 215 312 315 28 494 110 247 0 279 499 303 292 286 72 344 470 179 409 183 114 495 187 124 220 349 21 107 160 387 231 398 427 75 236 366 356 200 252 408 288 320 137 355 126 438 184 290 204 284 264 456 386 38 9 182 93 136 219 3 489 445 295 363 348 384 233 26 69 230 41 301 133 407 369 257 222 99 172 159 12 109 208 437 168 433 400 410 147 42 25 203 189 440 243 496 235 420 33 461 341 256 332 37 122 396 474 294 259 364 216 357 36 353 297 248 389 116 334 365 377 397 471 394 336 106 487 5 273 162 129 29 268 131 311 108 457 134 130 119 333 213 434 253 296 68 465 335 73 324 466 249 254 258 454 193 223 228 4 16 83 477 217 338 65 19 381 479 402 45 326 373 441 92 227 20 343 62 115 491 81 431 47 351 188 293 413 60 246 317 300 117 71 289 287 201 13 276 35
AND 142 251 279 444 436 464 26 400 10 353 457 224 463 330 51 94 104
OR 432 359 205 423 34 121 191 484 176 142 267 97 298 105 497 251 383 215 151 238 143 279 499 362 444 393 234 72 439 409 436 114 232 309 419 495 269 67 27 21 107 160 469 387 472 155 427 96 75 236 366 200 408 212 443 126 438 350 214 329 386 308 30 219 411 464 489 295 395 384 63 339 233 26 69 230 48 255 407 196 257 274 475 99 240 6 55 24 168 277 118 490 433 400 53 243 85 382 33 341 181 128 374 266 10 364 150 476 353 58 116 2 377 169 281 414 471 401 239 391 162 129 154 268 311 245 108 457 483 119 211 209 434 282 378 324 70 224 454 1 463 330 459 16 477 44 338 65 165 229 51 381 402 326 373 227 323 161 20 115 94 305 144 246 317 300 104 447 158 481 276
AND 354 430 111 153 73 254 454 345 104
OR 371 205 354 451 140 206 176 316 497 195 77 7 390 28 247 303 444 393 80 263 436 419 349 376 469 156 398 408 126 438 184 86 492 264 225 386 38 430 91 93 488 445 363 111 63 339 26 41 153 12 15 55 24 168 490 76 304 189 85 382 33 332 10 150 357 280 389 422 377 471 394 275 239 273 162 194 29 268 306 380 108 435 291 213 426 485 375 68 73 39 466 254 454 463 299 477 217 385 479 326 103 372 325 227 170 20 90 62 115 431 61 60 144 345 139 317 104 117 342 289 201 467 40
AND 432 403 362 453 358 446 202 341 294 291 217 54 481
OR 371 455 148 125 432 205 423 354 34 191 484 226 206 392 352 176 442 316 190 267 97 298 105 418 272 404 120 497 77 7 462 197 251 383 493 11 207 215 360 403 151 238 312 89 315 143 405 327 28 331 0 279 185 499 303 292 66 362 444 286 234 453 80 72 237 87 263 344 439 470 409 183 436 498 232 309 419 269 424 460 32 67 187 412 23 112 135 107 260 376 469 387 472 302 347 156 231 155 427 96 75 236 356 174 252 408 212 288 428 283 320 443 137 355 416 57 167 290 204 478 86 492 284 214 264 225 329 270 456 88 38 308 141 430 91 30 182 136 358 411 101 3 388 464 489 445 295 348 395 384 146 111 63 339 233 26 69 48 255 41 301 133 407 369 417 196 257 274 446 153 202 222 429 367 172 102 210 240 159 12 285 15 180 109 208 6 24 277 118 490 163 76 433 400 410 147 199 25 304 175 203 53 189 452 440 243 310 235 420 218 382 33 461 341 256 128 313 332 374 37 122 396 49 56 173 82 474 294 259 364 216 150 357 280 123 36 8 297 58 248 177 389 379 2 261 365 399 346 422 377 242 169 397 79 414 471 394 401 106 278 152 273 129 194 29 268 480 131 380 127 250 311 406 245 108 457 134 178 435 130 483 100 138 291 119 211 209 333 213 426 337 95 340 59 415 253 485 282 84 307 378 68 465 335 73 39 70 466 224 249 254 193 223 1 241 463 459 186 52 299 4 16 98 83 46 477 217 145 44 385 19 54 50 31 165 51 479 402 45 18 103 373 372 325 441 370 318 227 421 170 323 166 74 161 90 343 319 62 78 115 491 94 431 47 351 188 61 293 305 321 413 60 345 246 14 139 317 300 104 449 342 447 322 289 287 158 201 467 132 13 481 113 276 35
AND none
OR 361 176 404 360 403 151 331 499 292 444 393 72 237 183 450 468 187 220 112 349 21 408 137 204 492 284 329 270 64 141 91 30 182 445 363 146 133 196 446 222 429 367 172 240 159 285 15 109 118 490 163 76 433 440 243 310 235 374 37 328 364 280 261 281 487 152 273 391 129 154 306 131 380 250 483 100 119 426 415 296 324 466 254 145 44 54 31 326 441 161 61 246 139 287 201 467 481
AND none
OR 359 423 354 34 191 361 226 176 442 142 97 404 195 383 493 403 312 143 405 331 0 279 303 368 237 486 263 470 436 232 419 450 269 460 67 187 27 349 135 260 160 347 75 174 212 320 137 416 57 167 350 284 225 386 64 308 141 93 43 489 445 363 395 111 233 48 41 133 417 274 222 99 437 277 490 163 147 175 53 189 452 310 235 33 461 313 37 294 259 8 177 116 2 261 334 399 346 422 79 414 394 278 275 152 306 480 131 380 250 311 425 138 209 434 337 340 253 375 282 378 68 466 254 454 1 241 17 186 46 477 44 19 50 31 165 51 381 479 103 373 372 325 92 370 227 421 448 343 78 188 300 71 289 113 276
AND 371 361 190 238 234 80 450 424 112 252 57 284 314 388 369 437 168 199 243 346 152 273 145 319 491 431
OR 371 455 148 125 432 205 354 34 191 451 361 484 226 206 392 352 442 22 142 190 298 105 272 404 120 497 7 462 197 251 390 383 493 207 215 403 151 238 312 315 143 405 327 28 494 110 247 331 0 279 185 499 303 292 66 362 444 393 234 453 80 368 237 486 87 263 344 439 470 409 436 149 114 232 419 450 495 424 460 468 32 67 187 124 220 412 23 244 27 112 349 21 107 260 160 469 472 302 156 155 427 96 75 236 366 356 174 200 252 408 212 288 428 283 320 443 137 355 416 57 164 265 350 184 290 204 478 86 492 284 214 264 225 456 386 88 64 38 271 141 430 314 192 91 30 182 93 136 358 219 411 488 43 101 3 388 464 489 445 295 348 146 111 63 198 339 233 26 69 48 255 41 301 133 369 417 196 257 274 153 202 222 429 367 99 172 210 240 159 12 285 180 109 208 6 437 55 168 277 490 163 433 400 458 147 199 42 25 304 157 203 53 189 452 440 243 496 235 85 218 33 341 181 256 128 313 332 374 37 122 328 396 266 173 82 10 474 294 259 216 150 476 357 280 36 297 58 248 177 379 2 261 334 346 169 397 281 79 414 394 336 401 487 278 152 5 273 391 129 194 154 29 306 480 380 127 250 406 245 457 134 178 435 130 100 425 119 211 333 434 426 337 95 340 415 485 296 375 84 307 378 68 465 335 73 324 39 70 466 224 249 258 454 193 223 1 241 17 463 330 459 52 228 299 4 16 46 477 145 44 338 65 385 19 54 50 31 165 229 381 479 402 18 326 103 373 372 325 92 370 318 227 421 170 323 166 161 448 20 171 343 319 62 115 491 81 94 431 47 351 188 61 293 305 321 413 60 144 246 221 14 139 317 300 104 117 482 71 447 322 289 287 158 201 467 132 13 481 113 40 276 35
AND none
OR 455 148 359 205 354 34 121 191 451 484 140 206 392 176 442 142 190 267 298 418 272 404 120 497 195 7 462 251 390 493 360 403 151 238 312 89 315 143 405 327 28 494 110 331 0 279 185 66 362 444 286 393 234 453 80 368 486 344 439 470 179 409 183 436 149 498 232 309 419 460 32 124 412 23 27 349 135 21 260 376 160 469 387 472 302 347 156 231 155 398 427 96 75 236 366 356 174 200 252 408 212 288 428 320 443 137 416 126 164 438 265 350 184 290 478 86 492 270 456 386 88 64 38 9 271 141 430 192 91 30 93 136 358 219 411 488 43 101 489 445 295 363 348 395 384 198 69 48 255 41 301 133 407 417 196 257 153 429 367 99 172 102 210 240 15 180 208 55 24 168 277 118 490 76 433 400 410 147 42 25 304 175 53 189 452 243 496 420 218 382 33 461 181 128 313 332 374 396 266 49 56 173 10 294 259 216 150 476 357 280 36 8 297 248 177 389 116 379 261 365 473 346 422 242 169 397 281 471 394 336 401 106 278 275 152 239 5 273 391 162 129 29 306 480 131 380 127 250 406 245 457 134 435 130 483 100 425 291 119 209 213 426 337 95 340 59 415 253 485 296 375 282 84 307 465 335 73 39 224 254 258 454 1 241 17 330 459 52 299 83 477 217 145 44 338 385 19 54 50 31 165 229 381 479 402 45 18 326 103 325 441 92 370 421 170 323 166 74 161 448 20 171 90 343 319 62 78 81 94 431 47 351 188 61 293 305 321 60 345 246 221 317 104 482 71 342 447 322 289 262 158 201 132 13 481 40
AND none
OR 125 432 423 361 484 226 142 190 195 151 143 185 499 66 444 80 486 87 470 149 495 220 112 398 212 137 164 86 141 430 314 192 91 30 182 464 363 395 384 146 339 26 69 255 41 407 475 429 367 99 102 109 147 25 175 382 33 181 256 328 49 474 364 216 58 471 106 5 273 162 154 29 131 134 100 425 119 333 213 415 70 223 459 381 103 318 227 170 166 74 448 20 343 62 78 491 94 293 221 300 482 71 287 132
AND none
OR 361 352 195 493 207 494 247 185 393 234 263 409 183 149 114 495 67 398 366 174 283 214 88 9 363 146 301 446 475 222 172 210 159 285 118 490 400 42 218 256 56 294 476 2 261 334 336 401 152 162 480 131 457 178 138 211 375 84 465 228 83 46 65 18 441 166 161 491 47 188 221 449 117 322 132
