 298 120 272 494 495 67 398 428 219 430 464 240 159 257 433 297 357 399 311 100 282 378 170 431 413
 423 451 484 226 97 298 272 11 493 215 360 143 0 331 393 66 72 263 368 409 114 232 412 160 438 88 271 456 219 386 314 395 363 146 133 102 429 24 437 440 203 496 37 256 294 297 476 353 471 152 5 194 127 406 435 130 253 39 465 258 4 46 326 51 31 373 370 343 62 321 345 139 300 467
 392 269 232 320 265 438 284 363 55 180 243 53 116 414 106 154 119 485 227 90 81 47
 121 22 494 143 185 303 179 187 21 460 356 492 271 101 25 480 154 380 485 68 258 477 318 61 144 113
 none
 11 89 220 265 172 42 310 235 476 242 397 480 245 296 318 482 132 35
 455 484 190 97 462 195 7 28 303 198 48 102 6 304 181 461 173 242 5 250 335 98 50 45 370 293 287
 359 499 87 263 498 260 192 146 198 369 440 128 235 485 307 166 61 262
 195 292 419 450 264 41 159 180 53 266 85 56 173 334 275 129 435 134 178 466 370 61 305 345
 none
 121 143 405 80 486 263 344 149 244 270 109 377 193 4 18 61 342 117
 455 359 392 497 494 312 362 460 156 387 174 184 492 9 295 445 109 196 53 49 291 98 402 62 78
 451 105 72 486 409 436 200 366 167 488 43 136 369 76 490 163 461 313 380 130 465 454 65 318 35
 352 22 462 197 327 72 86 225 464 388 407 429 173 154 296 299 170 13
 none
 371 354 392 11 390 331 87 386 233 489 180 242 36 425
 432 205 191 89 23 156 387 358 63 48 255 452 82 58 36 311 103 19 227 171 81 221 71 447 262
 121 279 237 156 376 456 93 102 452 310 123 2 224 16 46 14 289 481
 371 121 206 331 470 183 112 295 339 102 202 12 42 37 364 465 223 318 221 71
 none
 205 251 238 360 315 292 393 160 212 57 363 417 6 473 399 306 39 249 170 343
 195 66 80 107 174 320 288 26 384 240 15 109 163 128 473 281 377 213 84 65 165 287
 148 206 140 298 383 279 498 32 67 244 126 492 219 386 136 388 230 202 118 199 128 122 389 248 291 213 254 98 158 481
 423 191 226 195 493 0 331 279 269 187 27 460 320 350 308 167 43 233 489 111 48 41 133 163 33 310 461 37 294 116 399 414 275 278 79 131 380 434 209 340 253 68 466 454 17 46 381 50 19 227 325 421 78 188 300 113 276
 none
 316 110 32 412 376 155 88 295 395 146 6 208 150 10 177 426 372 447
 386 395 339 407 285 256 336 5 457 340 73 1 92 201
 371 34 298 143 185 87 439 149 412 124 472 366 428 88 446 374 357 422 434 103 421 90 113
 432 354 206 22 72 114 398 320 202 33 357 131 282 296 330 186 98 373 20 421 90
 none
 371 462 197 493 143 327 362 244 126 141 63 339 301 257 147 85 374 10 365 29 162 154 483 340 466 17 83 373 441 40
 272 195 303 309 412 376 427 416 329 15 294 379 58 36 346 29 245 375 98 145 74 262
 110 286 498 23 290 438 492 417 12 304 476 74 61 481 35
 34 392 251 11 151 247 486 409 419 468 23 231 200 111 301 274 222 157 461 282 415 454 98 47 221 467 35
 none
 205 354 451 206 77 7 303 247 263 436 349 156 469 398 184 126 438 492 264 225 91 386 430 488 93 363 445 26 63 111 153 41 12 15 189 33 382 85 332 10 357 389 239 377 275 29 162 194 306 108 426 485 375 73 68 466 454 254 299 477 217 385 227 20 62 90 115 61 345 104 342 117 289 201 467
 120 383 286 439 349 135 472 260 416 264 456 257 6 118 163 157 53 281 337 375 324 229 326 19 14
 455 190 272 89 244 200 204 314 295 369 274 189 147 128 173 216 474 177 239 127 457 258 246 482 287
 455 359 205 418 7 207 315 279 220 314 38 417 172 374 396 261 394 483 209 95 335 378 17 19
 none
 267 493 393 284 395 3 407 55 437 175 49 334 273 108 463 19 45 170 448 491 158 287 276
 455 197 11 331 237 183 495 232 460 23 329 264 88 219 101 489 475 230 37 150 123 8 116 480 457 282 59 253 224 463 52 54 381 50 92 62 351 321 322 289 467
 499 110 263 450 32 135 184 63 348 257 458 400 189 147 496 294 194 139 201
 418 403 286 309 387 184 164 86 386 446 420 328 261 401 391 435 134 296 330 241 165 166 60 317
 none
 392 462 383 238 368 67 290 91 295 111 475 118 410 440 157 389 334 250 459 227 351 321 413 449 35
 191 451 206 142 497 383 443 274 210 437 25 332 374 396 245 161
 142 272 360 279 444 393 124 347 308 64 12 168 474 399 281 333 375 165 372 54 481
 11 327 27 88 314 358 153 332 8 261 194 375 1
 none
 125 432 361 226 190 143 444 185 66 87 470 149 112 398 212 86 30 182 430 464 395 363 384 339 69 407 41 255 367 102 99 109 175 33 181 382 328 256 58 471 106 273 29 333 213 70 103 227 170 74 343 20 94 71 482
 191 197 143 327 288 184 57 265 167 314 43 489 257 222 458 218 420 266 123 399 334 209 90 322
AND 226 66 160 88 219 395 24 496 294 152 406 465 51 321 139
OR 423 34 451 484 226 352 97 418 298 272 462 11 493 215 360 143 0 331 393 66 247 72 263 368 409 114 149 232 67 349 412 23 160 302 408 443 137 164 438 284 88 271 456 219 386 314 488 411 295 395 363 146 111 407 133 475 230 240 102 417 429 55 208 24 168 437 25 440 452 203 496 218 461 37 256 56 82 173 294 297 476 353 334 414 471 394 36 152 5 480 194 127 406 435 100 434 415 130 485 95 253 378 39 465 193 258 224 228 83 186 16 4 299 46 229 326 51 402 50 31 373 370 343 166 421 161 62 491 321 345 139 300 467 113 276
AND none
OR 125 484 392 442 176 404 197 251 383 238 405 331 292 303 368 439 149 424 107 21 468 231 347 252 416 290 355 350 438 428 329 308 225 456 30 91 314 488 295 384 63 348 133 230 102 202 417 180 208 168 25 433 400 189 181 382 256 294 297 58 242 281 397 278 79 336 306 406 457 84 324 296 224 186 52 16 98 217 385 46 19 45 227 441 370 74 351 139 246 14 317 221 117 262 201 13 481
AND 121 366 430 136 194 138 425 466 448
OR 455 371 121 206 352 392 140 316 190 97 418 272 77 7 251 493 207 215 143 312 405 151 279 89 234 66 72 263 439 114 419 107 187 495 468 124 135 160 244 472 156 376 231 347 302 366 469 174 75 252 137 283 204 416 164 350 428 86 308 271 214 30 386 430 314 43 136 101 411 395 3 445 233 63 339 446 274 210 240 102 417 55 180 12 24 109 76 490 118 25 199 218 382 266 461 374 256 56 82 474 379 389 8 2 473 397 401 336 106 391 487 194 154 250 306 435 138 380 425 434 426 59 213 130 68 193 466 258 454 224 17 463 330 228 52 16 65 103 381 51 402 92 325 318 441 323 74 166 448 319 115 351 293 321 144 139 246 14 449 117 158 262 481
AND none
OR 455 432 121 176 22 120 251 327 263 470 424 269 232 21 376 200 96 398 283 164 355 264 308 88 430 395 489 6 12 196 118 25 433 157 203 364 473 337 134 375 307 70 465 193 466 254 299 46 372 31 323 161 78 293 345 449 71 447 276
AND 360 67 468 231 210 285 56 394 378 459 370 323 78 60 201 467 276
OR 432 451 392 97 418 272 404 251 11 215 238 494 360 312 315 403 110 0 28 444 393 87 439 470 409 114 149 436 232 67 468 412 23 135 160 260 156 231 347 427 366 469 356 252 288 236 184 126 350 438 428 284 492 264 308 270 88 271 456 214 30 182 386 488 93 101 411 358 233 489 146 153 133 446 274 210 367 230 99 24 109 76 437 490 277 175 199 285 440 157 42 53 382 461 37 122 56 313 82 259 235 294 364 280 379 357 177 58 116 473 242 334 394 36 401 377 275 336 5 391 129 29 268 131 306 100 337 434 291 211 59 340 119 95 253 84 73 378 70 39 454 224 17 459 83 186 241 4 1 103 373 92 325 441 370 323 343 171 161 319 115 78 81 47 293 61 305 188 345 60 14 104 300 117 71 482 447 322 158 287 201 467 40 276
AND none
OR 148 359 423 34 191 451 484 226 206 352 392 140 442 176 316 267 298 195 77 7 493 390 327 499 315 403 405 151 28 331 279 444 292 393 286 453 303 237 80 263 368 470 498 183 149 424 309 450 187 27 32 67 468 112 23 160 472 376 231 347 200 302 96 469 155 443 320 288 137 212 236 416 184 164 355 126 265 350 308 167 9 219 182 141 430 314 488 38 192 43 136 411 388 358 295 395 233 489 384 63 348 111 48 369 407 255 301 475 210 240 202 417 172 99 429 55 6 180 24 437 490 118 277 175 433 400 410 285 440 157 452 203 243 496 42 33 181 382 266 310 341 85 328 122 56 313 82 49 474 297 379 123 476 177 353 261 365 2 116 422 473 399 281 414 239 401 79 152 5 391 480 194 131 154 245 138 380 425 434 426 282 134 211 59 178 119 130 485 307 253 84 73 378 324 70 68 249 224 463 83 186 241 52 254 4 65 98 477 165 217 46 1 338 326 103 381 51 402 50 31 227 170 441 171 166 20 421 161 448 90 115 47 351 491 431 413 345 60 246 14 221 342 447 322 158 262 467 132 13 40 35
AND 359 423 226 267 112 200 184 86 91 277 410 211 213 375 186 477 104
OR 148 359 432 423 34 121 451 484 226 352 392 140 176 316 267 97 418 298 462 497 7 197 251 327 405 28 292 89 234 303 486 368 498 149 179 495 32 67 21 112 460 220 23 135 260 376 347 200 469 356 443 288 290 184 164 57 438 86 329 308 167 270 271 214 91 411 388 395 3 445 111 369 407 133 446 240 99 222 55 24 76 277 458 400 410 304 189 285 157 147 33 53 85 37 256 56 216 294 280 123 476 248 177 353 334 471 394 377 275 5 169 487 480 108 100 425 434 209 211 178 213 375 253 335 84 73 378 324 465 249 17 459 186 52 4 65 299 477 385 372 1 103 402 19 92 227 325 318 20 62 319 81 351 321 188 413 144 139 14 104 300 449 117 482 447 289 158 467 113
AND 125 315 0 286 183 21 387 204 264 295 363 348 496 42 461 259 471 491 117
OR 148 125 432 34 361 352 22 316 190 267 120 272 404 462 497 390 207 215 494 312 499 315 110 0 28 279 292 286 303 247 72 344 470 409 183 114 179 107 187 495 21 349 220 124 160 231 200 427 366 398 408 356 387 75 320 252 288 137 236 204 290 184 355 126 438 284 264 9 456 219 182 386 38 93 136 295 363 3 445 233 489 26 384 348 69 369 407 41 133 301 230 172 99 159 257 222 208 12 109 168 437 25 433 400 410 189 440 147 203 243 496 42 33 420 341 461 332 37 122 256 259 235 396 216 294 474 364 297 357 389 248 353 365 116 334 397 471 394 36 377 336 106 5 129 273 487 29 162 268 131 311 108 457 333 434 134 119 213 130 253 335 73 324 296 68 465 193 249 466 258 454 228 223 83 254 16 4 65 477 217 338 326 381 479 402 19 373 45 92 227 441 343 20 62 115 81 47 351 491 293 431 188 413 60 246 317 300 117 71 289 287 201 13 276 35
AND 142 251 279 444 436 464 26 400 10 353 457 224 463 330 51 94 104
OR 359 432 205 423 34 121 191 484 176 142 267 105 97 298 497 251 383 215 238 143 499 151 362 279 444 393 234 72 439 409 114 436 309 419 269 107 27 495 232 67 21 160 472 200 427 366 96 469 155 408 387 75 443 212 236 126 350 438 329 308 214 30 219 386 464 411 295 395 233 489 26 384 63 339 69 48 407 255 274 475 230 240 99 257 55 6 24 168 490 196 118 277 433 400 243 33 128 181 53 382 266 341 85 374 150 364 476 10 353 58 2 116 281 414 471 239 401 377 391 129 169 162 268 154 311 245 108 483 457 434 209 282 211 119 378 324 70 454 224 463 330 459 16 65 44 477 165 1 229 338 326 381 51 402 373 227 323 20 161 115 94 305 144 246 317 104 300 447 158 481 276
AND 354 430 111 153 73 454 254 345 104
OR 371 205 354 451 206 140 176 316 497 195 77 7 390 28 444 393 303 247 80 263 436 419 349 156 376 469 398 408 184 126 438 86 492 264 225 91 386 430 488 38 93 363 445 26 63 111 339 153 41 55 12 15 24 168 76 490 304 189 33 382 85 332 150 280 10 357 389 422 471 394 239 377 275 273 29 162 194 268 306 108 435 380 426 291 213 485 375 73 68 39 466 454 463 254 299 477 217 385 372 326 103 479 227 325 170 20 62 90 115 431 61 345 144 60 139 317 104 342 117 289 201 467 40
AND 432 403 362 453 358 446 202 341 294 291 217 54 481
OR 455 371 148 125 432 205 423 354 34 191 484 226 206 352 392 442 176 316 190 267 105 97 418 298 120 272 404 462 497 77 7 197 251 11 493 383 207 215 238 360 143 327 312 499 315 403 405 0 151 28 331 362 279 444 292 89 185 234 66 286 453 303 72 237 87 80 263 344 439 470 498 409 183 436 424 309 419 269 107 187 232 32 67 112 460 412 23 135 472 260 156 376 231 347 302 427 96 469 155 408 356 387 174 75 443 320 252 288 137 283 212 236 204 416 290 355 57 428 86 329 478 284 492 264 308 167 270 88 225 456 214 30 182 141 91 430 38 136 464 101 411 388 358 295 395 3 445 233 489 26 384 146 63 348 111 339 69 48 369 407 153 41 255 133 301 446 274 210 367 240 102 202 417 172 159 257 222 429 6 180 208 12 15 24 109 76 490 196 118 277 25 175 433 199 163 400 410 304 189 285 440 452 147 203 243 218 33 128 53 382 420 310 341 461 332 374 37 122 256 56 313 82 173 259 235 396 150 216 49 294 474 364 297 280 379 123 357 389 248 177 8 261 365 58 2 422 399 242 414 397 471 394 36 401 377 346 278 79 152 106 129 169 273 29 480 194 268 131 250 311 245 127 108 406 435 483 457 333 138 100 380 337 426 209 282 415 134 291 211 59 340 178 119 213 130 485 95 307 253 335 84 73 378 70 68 39 465 193 249 466 224 463 459 223 83 186 241 52 254 16 4 98 299 145 44 477 165 217 385 46 372 1 54 103 18 51 479 402 50 19 31 373 45 227 325 318 170 441 370 323 74 343 166 421 161 62 90 319 115 78 47 351 491 94 293 431 321 61 305 188 413 345 60 139 246 14 317 104 300 342 449 447 322 289 158 287 201 467 132 13 481 113 276 35
AND none
OR 361 176 404 360 499 403 151 331 444 292 393 72 237 183 450 187 21 468 112 349 220 408 137 204 329 284 492 64 270 30 182 141 91 363 445 146 133 446 367 240 172 159 222 429 15 109 76 490 196 118 433 163 285 440 243 310 328 374 37 235 364 280 261 281 152 391 129 273 487 131 154 250 306 483 100 380 426 415 119 324 296 466 254 145 44 54 326 31 441 161 61 139 246 287 201 467 481
AND none
OR 359 423 354 34 191 361 226 442 176 142 97 404 195 493 383 143 312 403 405 0 331 279 303 237 486 263 368 470 436 419 269 450 187 27 232 67 349 460 135 160 260 347 174 75 320 137 212 416 57 350 284 308 64 167 225 141 386 93 43 395 363 445 233 489 111 48 41 133 274 417 99 222 437 490 277 175 163 189 452 147 33 53 310 461 37 313 259 235 294 177 8 261 2 116 422 399 334 414 394 346 275 278 79 152 480 131 250 311 306 138 380 425 337 434 209 282 340 375 253 378 68 466 454 17 186 241 254 44 477 165 46 372 1 103 381 51 479 50 19 31 373 92 227 325 370 343 421 448 78 188 300 71 289 113 276
AND 371 361 190 238 234 80 424 450 112 252 57 284 314 388 369 168 437 199 243 346 152 273 145 319 491 431
OR 455 371 148 125 432 205 354 34 191 451 484 361 226 206 352 392 442 22 142 190 105 298 120 272 404 462 497 7 197 251 493 390 383 207 215 238 494 143 327 312 499 315 403 405 110 0 151 28 331 362 279 444 292 393 185 234 66 453 303 247 237 87 80 486 263 368 344 439 470 409 114 149 436 424 419 450 107 187 27 495 232 32 67 21 468 112 349 460 220 412 124 23 160 244 472 260 156 200 302 427 366 96 469 155 408 356 174 75 443 320 252 288 137 283 212 236 204 416 290 184 164 355 57 265 350 428 86 478 284 492 264 64 88 271 225 456 214 30 219 182 141 91 386 430 314 488 38 192 93 43 136 464 101 411 388 358 295 3 445 233 489 26 146 63 198 348 111 339 69 48 369 153 41 255 133 301 274 210 367 240 202 417 172 99 159 257 222 429 55 6 180 208 12 109 168 437 490 196 277 458 25 433 199 163 400 304 189 285 440 157 452 147 203 243 496 218 42 33 128 181 53 266 341 85 328 332 374 37 122 256 313 82 173 259 235 396 150 216 294 474 297 280 379 476 10 357 248 177 261 58 2 281 334 414 397 394 36 401 346 278 79 336 152 5 391 129 169 273 487 29 480 194 154 250 245 127 306 406 435 457 333 100 380 425 337 434 426 415 134 211 340 178 119 130 485 375 95 307 335 84 73 378 324 296 70 68 39 465 193 249 466 258 454 224 17 463 330 228 459 223 241 52 16 4 65 299 145 44 477 165 385 46 372 1 54 229 338 326 103 18 381 479 402 50 19 31 373 92 227 325 318 170 370 323 343 171 166 20 421 161 62 448 319 115 81 47 351 491 94 293 431 321 61 305 188 413 144 60 139 246 14 317 104 221 300 117 71 482 447 322 289 158 287 201 467 132 13 481 40 113 276 35
AND none
OR 455 148 359 205 354 34 121 191 451 484 206 392 140 442 176 142 190 267 418 298 120 272 404 462 497 195 7 251 493 390 238 494 360 143 327 312 315 403 405 110 0 151 28 331 362 279 444 393 89 185 234 66 286 453 80 486 368 344 439 470 498 409 183 149 436 179 309 419 27 232 32 21 349 460 412 124 23 135 160 472 260 156 376 231 347 200 302 427 366 96 469 155 398 408 356 387 174 75 443 320 252 288 137 212 236 416 290 184 164 126 265 350 438 428 86 478 492 64 270 88 9 271 456 30 219 141 91 386 430 488 38 192 93 43 136 101 411 358 295 395 363 445 489 384 198 348 69 48 407 153 41 255 133 301 210 367 240 102 417 172 99 257 429 55 180 208 15 24 168 76 490 196 118 277 25 175 433 400 410 304 189 452 147 243 496 218 42 33 128 181 53 382 420 266 461 332 374 56 313 173 259 396 150 216 49 294 297 280 379 476 10 357 389 248 177 8 261 365 116 422 473 242 281 397 471 394 239 36 401 346 275 278 336 152 106 5 391 129 169 273 29 480 162 131 250 245 127 306 406 435 483 457 100 380 425 337 426 209 282 415 134 291 59 340 119 213 130 485 375 95 307 253 335 84 73 296 39 465 258 454 224 17 330 459 83 241 52 254 299 145 44 477 165 217 385 1 54 229 338 326 103 18 381 479 402 50 19 31 45 92 325 170 441 370 323 74 343 171 166 20 421 161 62 448 90 319 78 81 47 351 94 293 431 321 61 305 188 345 60 246 317 104 221 342 71 482 447 322 289 158 262 201 132 13 481 40
AND none
OR 125 432 423 484 361 226 142 190 195 143 499 151 444 185 66 87 80 486 470 149 495 112 220 398 137 212 164 86 30 182 141 91 430 314 192 464 395 363 26 384 146 339 69 407 41 255 475 367 102 99 429 109 25 175 147 33 181 382 328 256 216 49 474 364 58 471 106 5 273 29 162 131 154 333 100 425 415 134 119 213 70 459 223 103 381 227 318 170 74 343 166 20 62 448 78 491 94 293 221 300 71 482 287 132
AND none
OR 361 352 195 493 207 494 393 185 234 247 263 409 183 114 149 495 67 366 398 174 283 88 9 214 363 146 301 446 475 210 172 159 222 490 118 400 285 218 42 256 56 294 476 261 2 334 401 336 152 480 162 131 457 138 211 178 375 84 465 228 83 65 46 18 441 166 161 47 491 188 221 449 117 322 132
