 298 272 120 494 495 428 67 398 430 219 257 464 159 240 433 357 399 297 311 100 378 282 170 431 413
 423 451 484 226 298 97 272 493 215 360 11 143 66 331 0 368 393 409 72 263 232 114 412 160 438 386 456 314 88 271 219 133 363 146 395 429 437 102 24 256 203 496 37 440 294 476 353 297 471 5 194 152 130 127 406 465 253 435 39 258 46 4 31 51 373 370 326 62 343 321 345 300 139 467
 392 232 269 320 438 284 265 363 180 55 53 243 116 106 414 154 119 485 227 90 81 47
 121 22 303 185 143 179 494 460 187 21 356 492 271 101 25 380 154 480 68 485 258 477 318 61 144 113
 none
 89 11 220 265 235 172 42 310 476 397 242 296 480 245 318 482 132 35
 455 484 190 97 195 7 462 28 303 48 198 6 102 461 304 181 173 242 5 250 335 98 50 45 370 293 287
 359 499 263 87 498 260 192 146 198 369 235 440 128 485 307 166 61 262
 195 292 450 419 264 41 180 159 53 85 173 56 334 266 275 129 178 134 435 466 370 61 305 345
 none
 121 405 143 80 486 149 263 344 244 270 109 377 193 4 18 61 117 342
 455 359 392 497 312 362 494 460 387 156 174 492 184 9 196 445 295 109 53 49 291 98 402 62 78
 451 105 436 486 409 72 167 366 200 136 488 43 369 163 490 461 313 76 380 130 465 454 65 318 35
 22 352 197 462 327 72 86 225 388 464 407 429 173 154 296 299 170 13
 none
 371 354 392 390 11 331 87 386 489 233 180 36 242 425
 432 205 191 89 387 23 156 358 255 48 63 36 452 82 58 311 19 103 227 171 81 221 71 447 262
 121 279 237 376 156 456 93 102 310 452 2 123 224 46 16 14 289 481
 371 121 206 331 470 183 112 295 339 202 12 102 42 37 364 465 223 318 221 71
 none
 205 251 360 315 238 292 393 160 212 57 417 363 6 473 399 306 39 249 170 343
 195 66 80 174 288 107 320 384 26 15 109 240 163 128 377 473 281 213 84 65 165 287
 148 140 206 298 383 279 498 244 67 32 126 492 386 136 230 388 219 202 118 199 122 128 248 389 291 213 254 98 158 481
 423 191 226 195 493 279 331 0 460 269 167 187 27 320 350 308 489 43 133 41 111 48 233 163 310 461 37 33 294 116 79 399 414 380 278 275 131 253 68 209 434 340 454 466 46 19 17 50 421 381 325 227 188 78 300 113 276
 none
 316 110 412 32 376 155 88 295 146 395 208 6 10 150 177 426 372 447
 386 285 339 395 407 256 336 5 457 1 340 73 92 201
 371 34 298 185 143 149 439 87 124 428 412 472 366 88 446 374 357 422 434 421 103 90 113
 432 354 206 22 72 114 398 320 202 33 357 296 131 282 186 330 98 421 373 20 90
 none
 371 197 493 462 143 327 362 244 126 141 301 257 339 63 147 85 10 374 365 162 154 29 483 340 466 17 83 373 441 40
 272 195 303 309 412 376 427 416 329 15 36 346 294 58 379 29 245 375 98 145 74 262
 110 286 498 23 438 492 290 417 12 304 476 74 61 481 35
 34 392 251 151 247 11 486 409 419 468 23 231 200 301 111 222 274 157 461 415 454 282 98 47 221 467 35
 none
 205 354 451 206 77 7 247 303 436 263 469 398 349 156 126 438 492 225 386 264 184 93 430 91 488 445 41 111 363 63 26 12 15 153 85 10 382 332 189 33 357 377 389 162 306 194 275 239 29 108 68 254 485 375 426 454 466 73 299 217 477 385 227 20 90 62 61 115 345 117 104 342 289 201 467
 120 383 286 439 260 135 349 472 416 264 456 257 6 163 53 118 157 281 375 337 324 19 229 326 14
 455 190 272 89 244 200 314 204 295 274 369 147 189 173 128 474 216 177 127 239 457 258 246 482 287
 455 359 205 418 7 207 315 279 220 38 314 417 172 374 396 261 394 378 95 209 483 335 19 17
 none
 267 493 393 284 3 395 407 437 55 175 49 334 273 108 19 463 45 448 170 491 287 158 276
 455 197 11 331 237 232 183 495 460 23 264 329 88 489 230 101 219 475 37 8 150 116 123 480 457 253 59 224 282 52 463 50 54 381 92 62 351 321 289 322 467
 110 499 263 450 32 135 184 348 257 63 400 147 458 496 189 294 194 139 201
 418 403 286 309 387 86 164 386 184 446 420 328 261 401 391 134 296 435 241 330 165 166 60 317
 none
 392 383 462 238 368 67 290 91 295 111 475 410 118 157 440 334 389 250 459 227 351 321 413 449 35
 451 191 206 142 383 497 443 274 437 210 25 374 332 396 245 161
 142 272 360 279 444 393 124 347 64 308 12 168 474 399 281 375 333 54 165 372 481
 11 327 27 358 314 88 153 332 8 261 194 1 375
 none
 125 432 361 226 190 185 143 66 444 470 149 87 398 112 212 86 430 182 30 255 41 339 464 363 69 384 395 407 109 99 102 367 256 382 175 33 328 181 58 106 471 273 29 213 333 70 103 227 20 170 74 94 343 482 71
 191 197 143 327 167 288 57 265 184 314 489 43 257 222 458 420 218 334 266 123 399 209 90 322
AND 226 66 160 88 219 395 24 496 294 152 406 465 51 321 139
OR 423 34 451 484 226 352 298 97 418 272 493 247 215 360 11 462 143 66 331 0 368 393 149 409 72 263 232 114 67 412 23 302 349 160 137 443 408 438 284 164 386 456 314 88 271 411 230 488 295 219 133 417 111 363 146 395 407 429 437 208 475 102 240 24 55 168 256 461 203 496 36 452 25 218 37 440 173 82 56 294 476 334 353 297 471 414 394 5 194 152 130 127 406 480 465 100 253 378 95 435 485 434 224 415 39 258 193 299 46 4 186 31 50 16 228 421 51 83 402 373 229 370 326 166 161 491 62 343 321 345 300 139 467 113 276
AND none
OR 125 484 176 442 392 404 383 251 197 405 303 238 292 331 368 149 439 468 428 424 347 21 355 231 252 416 107 438 350 225 290 456 329 314 91 30 308 230 348 488 295 133 417 384 63 202 180 208 102 400 433 168 256 382 25 189 181 294 58 79 397 242 281 297 336 306 278 296 406 457 84 224 324 46 52 19 186 217 98 16 45 385 441 370 227 74 221 351 246 14 317 117 139 262 201 13 481
AND 121 366 430 136 194 425 138 466 448
OR 371 455 121 140 206 190 316 392 352 97 418 272 77 7 251 89 151 493 207 215 405 312 279 143 66 234 72 263 439 114 495 419 468 469 124 428 244 302 376 135 347 187 75 472 160 231 156 252 416 283 174 366 107 137 214 86 350 164 386 314 430 204 136 271 3 30 411 308 101 445 43 417 339 63 395 233 274 12 446 109 180 102 240 24 210 55 118 490 199 256 461 382 76 25 218 374 82 56 474 266 8 2 473 397 389 487 106 379 336 380 401 306 391 194 154 130 250 213 68 425 435 138 434 426 59 224 454 466 258 193 52 17 463 330 16 228 51 402 381 65 441 325 103 166 92 318 448 323 319 74 115 293 351 321 246 144 14 117 449 139 262 158 481
AND none
OR 455 432 121 176 22 120 251 327 470 263 232 269 424 376 398 21 355 96 283 200 164 264 88 430 196 308 489 395 12 6 433 118 157 203 25 364 473 134 465 254 375 337 307 466 70 193 299 46 31 161 323 372 78 293 345 449 71 447 276
AND 360 468 67 231 285 210 56 394 378 459 370 323 78 60 201 467 276
OR 432 451 392 97 418 272 404 251 403 215 360 315 11 28 312 110 238 0 444 494 393 470 436 149 409 439 232 87 114 468 469 428 67 412 23 236 260 135 347 160 231 156 252 427 356 288 366 126 214 438 492 284 350 386 264 184 456 270 358 88 93 271 182 30 411 308 489 230 101 488 285 133 146 233 274 446 109 99 437 235 153 367 24 42 210 277 53 490 199 157 461 313 36 382 76 175 122 37 440 82 56 294 357 364 377 334 58 259 116 280 177 473 242 379 336 394 401 306 391 5 275 129 268 131 119 29 291 211 1 100 253 378 95 84 434 340 59 337 224 454 241 39 70 73 17 4 186 459 83 373 441 325 370 103 92 161 323 319 171 188 78 343 81 61 115 305 293 47 60 345 300 14 117 104 482 71 447 287 158 322 201 467 40 276
AND none
OR 148 359 423 34 451 191 140 484 226 176 206 316 442 392 352 298 267 77 195 7 390 151 493 403 315 405 28 303 279 327 292 331 286 444 80 368 499 393 453 470 237 149 263 183 450 309 498 468 469 67 424 23 32 236 302 376 167 347 112 187 155 472 160 27 212 355 231 416 96 288 126 320 137 443 200 350 265 164 38 184 358 192 314 430 141 136 9 182 411 308 489 348 388 488 43 295 255 285 301 219 417 111 384 48 63 395 407 429 233 202 369 99 437 180 172 475 6 240 400 24 410 42 210 55 433 277 85 118 310 490 157 203 313 496 382 243 452 341 175 122 440 33 49 328 181 82 56 474 476 266 353 116 79 2 123 177 473 399 422 261 365 281 297 379 414 380 401 391 5 194 152 154 130 178 134 239 131 119 211 480 1 245 253 68 425 378 84 254 138 485 434 426 59 307 224 282 241 249 324 70 73 46 52 4 463 186 217 477 338 98 31 50 421 51 83 402 381 65 441 326 103 165 166 161 448 227 20 170 171 90 491 431 115 47 221 351 60 413 246 345 14 342 447 262 158 322 13 467 132 40 35
AND 359 423 226 267 112 86 200 184 91 410 277 213 211 375 186 477 104
OR 148 432 359 423 34 121 451 140 484 226 176 316 392 352 298 97 267 418 7 251 497 89 197 405 462 28 303 327 292 179 368 234 486 149 495 460 498 469 67 23 220 32 260 376 167 135 347 112 21 356 288 443 57 214 438 86 200 164 184 290 270 329 91 271 3 411 308 388 445 285 133 111 395 407 222 369 446 99 240 400 24 410 147 55 277 53 85 157 256 458 304 76 37 189 33 169 56 294 476 377 334 216 353 280 123 177 248 487 471 394 5 275 178 213 211 480 465 108 1 100 253 425 378 209 84 434 375 335 249 324 73 299 52 19 17 4 186 459 477 385 402 65 325 103 92 318 319 227 20 372 188 62 81 351 321 413 144 300 14 117 449 104 139 482 447 289 158 467 113
AND 125 315 286 0 183 387 21 264 204 348 295 363 42 461 496 259 471 491 117
OR 148 125 432 34 361 190 22 316 352 267 272 404 120 390 497 207 247 215 315 462 28 303 312 110 279 292 286 179 0 499 494 470 409 72 344 183 114 495 387 124 220 236 398 187 75 349 160 21 355 231 252 427 356 288 366 126 107 320 137 408 438 200 284 386 38 264 184 290 456 93 204 136 9 182 3 489 230 348 445 295 301 219 133 257 41 363 69 384 407 222 233 369 26 12 109 99 437 208 159 235 172 400 410 147 42 433 168 256 461 203 420 496 36 243 341 25 122 332 37 189 440 396 33 474 294 357 364 377 334 216 259 353 116 248 397 389 365 487 297 106 471 336 162 273 394 5 130 129 134 296 268 131 119 29 311 213 457 465 108 253 68 254 434 333 223 454 466 258 335 249 324 73 193 19 4 217 477 338 16 228 45 479 83 402 381 373 65 441 326 92 227 20 491 188 62 431 343 81 115 293 47 351 60 413 246 300 317 117 71 289 287 201 13 276 35
AND 142 251 279 444 436 464 26 400 10 353 457 224 463 330 51 94 104
OR 432 359 205 423 34 121 191 484 176 142 298 97 267 105 383 251 497 151 215 279 238 143 444 499 362 393 234 436 409 72 439 232 114 495 419 309 269 387 469 67 236 75 155 472 160 27 212 21 427 96 366 126 107 443 408 214 438 200 350 386 329 196 30 411 308 489 230 295 255 219 257 339 464 69 384 48 63 395 407 233 274 26 99 475 6 240 400 24 55 433 277 168 53 85 118 490 10 382 243 341 374 33 181 128 169 476 364 377 266 58 353 150 116 2 281 471 162 414 401 391 154 129 268 239 119 311 211 457 108 1 245 378 209 483 434 224 454 282 324 70 463 330 459 477 338 16 44 51 402 381 373 65 229 326 165 161 323 227 20 94 115 305 246 144 300 317 104 447 158 481 276
AND 354 430 111 153 254 454 73 345 104
OR 371 205 354 451 140 176 206 316 77 195 7 390 497 247 28 303 444 80 393 436 263 419 469 376 398 349 156 126 408 438 492 86 225 386 38 264 184 93 430 91 488 445 41 339 111 363 63 26 12 15 153 24 55 168 85 490 10 304 382 76 332 189 33 357 377 150 280 422 389 471 162 273 380 394 306 194 275 268 239 29 291 213 108 68 435 254 485 375 426 454 466 39 73 299 463 217 477 385 479 325 326 103 227 20 372 170 90 62 431 61 115 60 144 345 317 117 104 139 342 289 201 467 40
AND 432 403 362 453 358 202 446 341 294 291 217 54 481
OR 371 455 148 125 432 205 423 354 34 191 484 226 176 206 190 316 442 392 352 298 97 267 418 105 272 404 120 77 7 383 251 497 89 197 151 493 207 403 215 360 315 11 405 462 28 303 312 185 279 238 143 66 327 292 331 286 0 444 80 499 362 234 453 470 237 436 409 72 263 344 439 232 183 87 460 419 309 269 387 498 469 428 67 424 412 23 32 236 302 260 376 167 135 347 112 187 75 155 472 212 355 231 156 252 427 416 96 356 283 174 288 107 320 137 443 408 57 214 478 492 86 284 225 38 264 290 456 270 329 358 88 430 204 141 136 91 196 182 3 30 411 308 489 348 101 388 445 295 255 285 301 133 257 41 417 339 111 464 146 69 384 48 63 395 407 222 429 233 274 202 369 26 12 446 15 109 180 208 159 235 153 172 6 102 367 240 400 163 24 410 147 210 433 277 53 118 310 490 199 256 461 203 313 420 304 36 382 243 76 452 341 25 175 218 374 122 332 37 189 440 396 33 49 173 128 169 82 56 474 346 294 357 364 377 58 8 216 259 150 280 79 2 123 177 248 397 242 399 422 389 261 365 297 106 379 471 414 273 380 394 401 278 194 152 130 129 178 127 134 268 406 250 131 119 29 311 291 213 211 480 457 465 108 1 245 100 253 68 378 95 209 435 84 483 254 138 485 340 426 59 333 337 307 224 415 223 282 241 466 39 335 249 70 73 193 299 46 52 19 4 463 186 217 459 477 98 31 50 16 45 145 44 54 421 385 479 51 83 402 373 18 441 325 370 103 165 166 161 318 323 319 227 372 170 74 90 491 188 62 78 431 94 343 61 115 305 293 47 351 321 60 413 246 345 300 14 317 449 104 139 342 447 289 287 158 322 201 13 467 132 481 113 276 35
AND none
OR 361 176 404 151 403 360 292 331 444 499 393 237 72 183 450 468 220 112 187 349 21 137 408 492 284 270 329 204 141 64 91 196 182 30 445 285 133 363 146 222 429 446 15 109 159 235 172 367 240 163 433 118 310 490 243 76 374 37 440 328 364 280 261 281 487 273 380 306 391 152 154 129 296 250 131 119 100 483 254 426 415 466 324 31 145 44 54 441 326 161 61 246 139 287 201 467 481
AND none
OR 359 423 354 34 361 191 226 176 442 142 97 404 195 383 493 403 405 303 312 279 143 331 0 368 470 237 436 486 263 232 450 460 419 269 67 260 167 135 347 187 75 349 160 27 212 416 174 320 137 57 284 350 225 386 93 141 64 308 489 445 43 133 41 417 111 363 48 395 222 233 274 99 437 235 163 147 277 53 310 490 461 313 452 175 37 189 33 346 294 334 8 259 116 79 2 177 399 422 261 414 380 394 306 278 152 275 250 131 311 480 1 253 68 425 378 209 254 138 434 375 340 337 454 282 241 466 46 19 17 186 477 31 50 44 421 479 51 381 373 325 370 103 165 92 448 227 372 188 78 343 300 71 289 113 276
AND 371 361 190 238 80 234 450 424 112 252 57 284 314 388 369 437 168 199 243 346 273 152 145 319 491 431
OR 371 455 148 125 432 205 354 34 451 361 191 484 226 206 190 22 442 142 392 352 298 105 272 404 120 7 383 390 251 497 197 151 493 207 403 247 215 315 405 462 28 303 312 185 110 279 238 143 66 327 292 331 0 444 80 368 499 362 494 393 234 453 470 237 436 486 149 409 263 344 439 232 87 114 495 450 460 419 468 469 124 428 244 67 424 412 23 220 32 236 302 260 112 187 75 349 155 472 160 27 212 21 355 156 252 427 416 96 356 283 174 288 366 107 320 137 443 408 57 214 478 492 86 200 284 350 265 225 164 386 38 264 184 290 456 358 192 314 88 93 430 204 141 64 136 91 271 196 182 3 30 411 489 348 101 388 488 445 43 295 255 285 301 219 133 257 41 417 339 111 464 146 69 48 198 63 222 429 233 274 202 369 26 12 109 99 437 180 208 159 235 153 172 6 367 240 400 163 147 42 210 55 433 277 168 53 85 490 199 157 256 203 458 313 10 304 496 36 243 452 341 25 218 374 122 332 37 189 440 396 33 328 181 173 128 169 82 474 346 294 476 357 334 266 58 216 259 150 280 79 2 177 248 397 261 281 487 297 379 336 414 273 380 394 401 306 278 391 5 194 152 154 130 129 178 127 134 296 406 250 119 29 211 480 457 465 1 245 100 68 425 378 95 435 84 485 434 375 340 426 333 337 307 224 415 223 454 241 466 39 258 335 249 324 70 73 193 299 46 52 19 17 4 463 330 459 477 338 31 50 16 228 145 44 54 421 385 479 402 381 373 65 229 18 325 370 326 103 165 166 92 161 318 448 323 319 227 20 372 170 171 491 188 62 431 94 343 81 61 115 305 293 47 221 351 321 60 413 246 144 300 14 317 117 104 139 482 71 447 289 287 158 322 201 13 467 132 481 113 40 276 35
AND none
OR 455 148 359 205 354 34 121 451 191 140 484 176 206 190 442 142 392 298 267 418 272 404 120 195 7 390 251 497 89 151 493 403 360 315 405 462 28 312 185 110 279 238 143 66 327 331 286 179 0 444 80 368 362 494 393 234 453 470 436 486 149 409 344 439 232 183 460 419 309 387 498 469 124 428 412 23 32 236 302 260 376 135 398 347 75 349 155 472 160 27 212 21 231 156 252 427 416 96 356 174 288 366 126 320 137 443 408 478 438 492 86 200 350 265 164 386 38 184 290 456 270 358 192 88 93 430 141 64 136 91 9 271 196 30 411 489 348 101 488 445 43 295 255 301 219 133 257 41 417 363 69 384 48 198 395 407 429 15 99 180 208 153 172 102 367 240 400 24 410 147 42 210 55 433 277 168 53 118 490 461 313 10 420 304 496 36 382 243 76 452 25 175 218 374 332 189 396 33 49 181 173 128 169 56 346 294 476 357 266 8 216 259 150 116 280 177 248 473 397 242 422 389 261 365 281 297 106 379 471 336 162 273 380 394 401 306 278 391 5 152 275 130 129 127 134 296 406 250 239 131 119 29 291 213 480 457 465 1 245 100 253 425 95 209 435 84 483 254 485 375 340 426 59 337 307 224 415 454 282 241 39 258 335 73 299 52 19 17 217 330 459 477 338 31 50 45 145 44 54 421 385 479 83 402 381 229 18 441 325 370 326 103 165 166 92 161 448 323 319 20 170 74 171 90 188 62 78 431 94 343 81 61 305 293 47 221 351 321 60 246 345 317 104 482 71 342 447 289 262 158 322 201 13 132 481 40
AND none
OR 125 432 423 361 484 226 190 142 195 151 185 143 66 444 80 499 470 486 149 87 495 220 398 112 212 137 86 164 192 314 430 141 91 182 30 255 41 339 464 363 146 69 384 395 407 429 26 109 99 475 102 367 147 256 382 25 175 33 49 328 181 474 364 58 216 106 471 162 273 5 154 134 131 119 29 213 100 425 333 415 223 70 459 381 103 166 318 448 227 20 170 74 491 62 78 94 343 293 221 300 482 71 287 132
AND none
OR 361 352 195 493 207 247 185 494 393 234 149 409 263 183 114 495 67 398 283 174 366 214 88 9 285 301 363 146 222 446 159 172 475 400 42 210 118 490 256 218 56 294 476 334 2 261 336 162 401 152 178 131 211 480 457 465 84 138 375 46 228 83 65 18 441 166 161 491 188 47 221 117 449 322 132
