Adler 338 157 396 353 440 449 425 69 275 87 452 44 88 431 43 205 17 28 346 377 348 385 181 128 91 38 223 249 427 473 231 253 265 461 78 49 311 345 141 125 375 147
All 337 470 243 250 463 81 129 315 361 191 131 190 403 320 318 177 374 9 381 178
And 134 216 471 449 66 242 67 401 28 323 144 4 126 154 100 54 98 91 417 62 494 456 1 342
Atkinson 157 166 133 158 471 218 50 95 242 275 401 45 452 44 409 258 269 233 174 4 314 196 357 199 101 37 201 435 1 344
Baker 159 398 399 413 219 67 272 257 430 464 431 120 378 357 100 428 240 282 494 298 433 495 297 311 170
Beyond 331 365 150 194 363 440 93 272 437 499 436 162 130 270 53 96 420 225 489 290 82 329 125 317 122 185
Bohemian 132 105 134 229 211 413 483 412 286 51 423 80 18 10 142 181 4 419 417 278 420 236 298 495 230
But 159 308 133 280 273 259 43 81 19 21 186 347 368 333 108 241 96 31 247 99 222 209 77 450 290 255 328 147 171
From 391 396 192 353 134 425 439 348 411 429 209 291 201 263 327 374 328 386
Grit 102 339 485 51 261 43 498 144 378 121 270 52 474 222 253 291 265 457 461 40 47 403 252 123
He 300 331 353 102 133 160 194 363 440 471 476 66 484 226 219 412 272 51 423 406 437 11 232 203 294 409 88 258 438 256 72 465 496 370 5 127 143 4 314 395 368 393 360 152 139 130 62 215 31 97 429 271 39 37 493 467 24 456 451 253 298 46 297 435 263 345 373 146 0 326 114 321 386 343
Holland 104 363 211 471 220 95 69 401 29 202 145 142 116 5 186 138 101 224 473 480 458 206 468 47 252 123 316
Holmes 307 104 331 362 105 301 151 364 227 50 68 477 446 479 217 60 286 73 499 452 294 251 26 202 453 465 174 187 341 120 143 196 303 131 358 333 54 284 53 421 96 444 481 411 240 418 480 39 213 37 15 493 209 469 23 291 206 432 435 403 82 318 177 147 176
I 135 336 103 391 166 330 308 306 339 352 194 158 151 156 449 274 425 66 92 448 446 228 272 51 266 430 89 463 16 490 204 455 258 43 251 75 256 86 174 379 187 323 118 312 371 143 144 376 382 347 3 121 314 117 325 395 392 366 154 350 136 109 107 138 164 351 199 106 101 137 130 302 426 283 65 428 279 246 215 481 224 472 63 240 416 55 487 214 30 445 213 493 231 12 469 24 207 405 77 402 434 262 468 495 14 466 263 252 76 318 115 316 380 374 7 319 321 381 140
In 309 362 330 397 243 415 424 204 251 17 462 189 63 247 285 214 12 24 70 492 264 40 328 0 375
Irene 135 160 440 50 274 56 286 275 268 439 89 452 260 400 379 118 186 110 107 356 283 241 96 36 475 486 97 90 64 271 487 222 209 207 298 254 70 25 492 263 255 112 179 375 171
It 363 227 485 414 243 232 438 81 269 180 116 119 392 154 106 284 53 90 55 265 47 320
My 300 331 102 447 35 482 289 66 448 93 286 51 74 266 72 86 21 28 118 385 188 340 119 153 196 162 131 367 393 91 212 215 488 278 411 285 473 37 469 48 46 291 239 115 316 177 387
Odessa 104 339 289 59 423 42 437 235 203 294 21 174 356 199 137 215 64 262 492 435 115 311 387 146
Sherlock 365 133 425 226 406 260 462 108 64 249 55 214 22 404 327 185
Street 168 391 399 229 449 446 228 268 464 385 100 334 101 270 432 146 179 0 310
THE 132 220 449 423 379 323 347 165 155 199 212 411 262 79 457 13 183 380 374 310
They 485 68 61 477 258 21 187 143 144 121 154 303 356 101 271 480 460 494 22 25 492 318 380 179 113 185
To 168 211 414 288 94 11 497 464 72 376 313 4 207 402 206 466 124
Trepoff 352 478 484 60 412 244 281 87 463 205 366 303 163 283 91 481 475 225 39 15 48 468 208 85 148
Trincomalee 245 94 424 42 259 452 455 111 312 172 117 350 358 139 54 284 98 112 123 342 310 386 185
a 132 300 365 362 354 166 102 337 134 399 352 194 193 167 169 216 211 478 35 471 218 422 274 57 273 61 59 483 484 446 34 217 33 288 67 415 94 272 424 51 268 250 74 80 439 292 430 259 295 45 11 463 235 464 203 455 18 294 436 260 44 267 431 293 75 256 72 202 498 453 491 174 346 180 379 187 341 145 384 189 129 111 315 2 312 382 172 340 175 313 322 128 395 392 357 109 100 332 190 356 163 197 358 155 367 199 152 106 139 333 101 305 108 54 270 426 53 91 241 417 279 62 410 36 215 481 223 278 97 249 52 285 427 225 442 30 489 213 23 207 405 402 70 46 291 41 206 457 13 461 237 466 492 264 432 290 78 47 403 404 252 49 82 76 299 320 123 311 342 389 345 183 387 380 146 7 125 317 122 321 372 176
abandoned 134 194 447 210 94 455 431 43 26 21 205 384 5 165 351 360 137 38 456 83 265 22 237
abhorrent 132 397 35 482 476 220 245 242 89 42 11 235 172 480 296 265 318 310
absorb 338 168 160 167 156 482 95 92 484 34 439 438 360 475 90 495 403 345 321
accomplished 339 160 364 449 414 288 235 16 233 370 143 335 212 247 442 24 296 41 40 71 6 114 178 171
account 338 336 362 166 105 301 478 449 422 413 228 430 437 409 163 351 139 248 282 474 489 451 298 70 495 386 344
actions 307 292 235 20 145 382 314 110 155 101 428 417 481 296 432 255 123 141 321 178
activity 355 229 69 250 464 203 407 269 111 127 144 186 154 196 350 130 302 481 97 236 456 48 253 254 237 14 310 122 372
adjusted 195 102 50 287 242 484 250 45 455 293 28 462 173 370 5 181 198 303 304 335 190 98 97 48 461 6 7
admirable 391 483 244 257 498 453 465 491 384 120 175 313 322 359 392 304 333 248 241 444 443 240 84 468 82 146 113 381
admirably 307 338 195 169 57 94 452 86 202 278 458 468 290 71 85 318 8
admit 398 102 355 437 203 129 385 153 367 54 248 410 224 254 468 457 125
akin 308 478 220 448 58 268 499 204 267 258 453 189 116 121 357 333 302 417 445 37 23 262 311 387 328 122
all 104 336 103 157 133 158 447 211 287 61 92 59 242 210 441 67 60 56 401 73 259 11 490 232 294 409 251 438 81 454 17 379 370 129 323 315 340 378 117 153 109 356 358 367 199 394 360 101 305 53 277 428 215 224 97 99 276 418 285 30 231 467 23 253 84 291 468 201 461 459 492 432 40 78 82 76 1 184 345 177 343
alternating 307 166 192 440 485 61 87 235 499 260 498 128 198 359 369 262 263 146
always 168 339 216 478 257 45 232 86 377 2 153 131 63 282 494 405 239 297 372 343
ambition 336 32 447 479 295 29 260 116 175 302 428 473 184 177 148 373 321 375
among 192 245 477 470 219 423 73 88 21 111 349 302 270 97 37 78 299 177 328
and 135 132 104 309 331 103 365 362 150 396 159 354 161 102 337 105 308 133 339 399 352 194 158 193 167 355 397 169 364 156 440 32 447 211 35 227 485 449 280 274 57 68 287 95 413 245 289 66 59 242 414 477 483 226 470 446 210 479 217 441 288 243 58 94 412 56 69 424 51 423 257 401 87 406 74 80 89 259 261 408 45 11 235 497 16 29 490 232 499 204 203 455 18 294 436 260 44 409 88 293 407 256 400 72 86 269 26 19 202 498 453 205 233 28 462 234 346 180 341 173 383 377 145 348 370 384 189 129 323 118 127 315 120 385 371 188 376 382 172 340 186 347 175 378 3 119 4 322 128 325 153 165 191 303 136 304 100 332 335 107 138 369 356 163 351 197 358 367 199 394 360 106 101 305 137 108 130 302 419 54 270 426 248 283 421 98 277 428 241 96 410 246 444 212 36 215 443 31 38 481 224 472 63 97 411 429 90 240 416 52 420 276 282 418 225 474 222 480 214 445 15 231 467 12 460 236 469 24 456 238 207 48 405 253 77 298 83 254 402 84 70 79 46 291 433 41 25 201 208 459 14 466 492 432 290 297 78 435 263 47 255 403 404 252 49 76 299 320 112 318 115 327 8 1 123 311 6 329 316 170 342 345 183 148 373 141 380 146 374 7 125 0 310 122 319 113 321 178 372 182 344 343 185 388
any 339 193 397 169 485 482 280 243 74 439 258 313 119 359 335 152 334 302 65 91 31 486 420 222 214 15 458 12 456 77 254 70 79 265 450 468 208 263 49 115 1 311 184 146 122 321 147 372
around 159 195 134 61 56 275 292 266 180 173 370 129 334 305 419 53 41 450 466 264 435 85 345 178
as 104 103 158 167 216 32 211 471 482 280 289 477 226 288 423 73 292 89 267 251 86 21 498 17 465 28 189 5 376 186 347 4 325 395 359 392 368 304 164 197 334 139 270 277 65 91 410 486 99 285 271 487 214 445 213 37 467 460 24 200 451 405 253 298 290 112 318 123 329 316 184 177 179 113 375 147 140 176 388
at 309 353 11 452 267 407 269 469 76 317 310
attention 365 353 478 33 288 235 260 258 379 323 312 172 109 199 426 98 282 30 8 123 311 146
attracted 159 102 399 364 35 413 448 228 453 205 116 323 127 357 106 334 62 472 97 469 434 1 148 113 381
away 307 156 32 229 413 219 210 244 452 234 323 186 198 361 163 101 249 12 494 298 402 320 123 125 114
balanced 193 61 244 80 18 377 143 121 4 117 109 270 486 405 263 342 344 149
be 331 337 134 167 169 244 281 89 438 383 111 120 347 378 4 322 154 131 394 106 417 486 247 37 15 124 345
been 103 166 161 390 478 275 87 463 232 453 346 142 107 360 96 62 249 285 15 40 342 148 125
between 151 363 476 57 287 483 244 292 89 258 19 491 175 325 368 367 271 474 460 264 255 124 170 148 146
books 362 354 194 355 218 476 422 261 260 369 358 367 393 302 270 246 212 472 427 39 30 83 84 264 345 317 326
brothers 362 57 414 484 219 446 210 275 437 18 491 496 174 370 144 175 4 359 163 475 64 285 445 71 327
buried 362 156 295 497 455 174 312 359 392 196 109 53 98 62 445 460 494 402 291 492 78 49 184 387 9
but 331 161 306 363 440 280 273 483 441 250 292 261 235 499 187 145 129 118 349 172 361 196 131 367 393 152 139 137 54 270 246 444 64 487 30 445 37 15 433 450 201 492 403 404 329 146 374 326 176
by 307 338 309 150 192 105 160 478 287 66 210 244 281 89 293 407 377 129 118 315 4 395 335 155 130 443 416 55 271 487 225 458 209 494 24 77 206 264 141 380 179 125 321
case 229 220 280 58 80 89 261 463 16 490 251 379 341 325 360 139 421 279 96 246 487 298 404 149 185
clearing 396 353 397 363 227 471 220 68 287 34 33 286 272 257 42 259 295 499 204 431 454 21 491 496 187 341 348 324 315 312 4 117 303 109 106 248 62 246 249 494 207 41 461 466 264 389 183 387 125 0 343
clues 193 390 229 484 446 58 257 16 438 142 382 3 107 36 90 222 254 208 311 124
cocaine 105 167 35 490 436 409 43 72 454 465 313 366 136 369 163 130 65 488 486 200 451 461 76 318 380
cold 105 308 35 273 228 33 56 406 28 383 5 325 154 305 481 271 493 200 23 451 85 122
companion 150 59 448 33 73 204 498 465 10 142 111 198 139 53 428 214 489 207 230 466 435 9
complete 103 158 218 280 45 11 27 400 72 128 198 248 223 247 458 494 298
crack 300 192 355 35 482 50 422 242 257 204 88 10 496 187 369 473 467 48 79 291 265 239 208 76 389 373 140
crime 307 195 330 105 339 60 464 452 436 180 186 347 325 153 395 191 248 55 418 231 238 451 296 79 237 299
daily 352 464 407 72 86 462 173 154 197 429 225 296 22 13 299 327 170 388
deeply 338 192 353 337 169 156 220 59 464 72 174 341 377 116 100 332 241 467 201 230 432 8 140
delicate 216 67 257 87 409 431 341 367 421 52 225 39 208 459 115 316 122 344
delicately 353 158 390 273 87 497 267 454 315 2 165 212 271 214 445 83 435 71 183 113 178 176
distracting 354 330 156 273 441 67 42 18 75 111 340 181 347 110 359 350 162 428 486 15 493 467 451 239 208 14 230 6 389
disturbing 132 157 220 73 44 431 233 10 234 377 144 358 108 426 444 215 223 247 99 23 48 298 14 9 343
doings: 331 354 390 425 242 87 11 233 180 371 392 36 489 386
doubt 396 216 485 57 425 244 87 455 453 379 324 127 340 162 164 334 426 91 279 222 458 236 405 253 239 299 6
drawing 447 59 414 219 93 268 45 293 491 100 190 197 429 214 442 494 207 113 321 372
drifted 132 161 447 446 272 51 74 86 454 189 116 118 312 376 186 3 313 359 368 334 130 329
drowsiness 226 479 67 424 232 17 377 313 138 90 52 427 469 83 84 495 14 492 78 389 7
drug 365 390 211 94 205 116 340 313 332 358 199 99 213 467 404 82 318 170 310 375
dubious 103 156 447 227 221 58 89 452 81 19 205 191 358 36 63 23 48 262 432 255 71 82 311 387 171
each 132 391 229 50 413 245 477 448 415 424 268 259 27 260 453 233 234 385 371 305 426 248 417 31 30 236 83 230 123 171
eclipses 391 160 397 94 266 256 21 2 188 340 181 163 360 488 411 271 238 451 47 389
emotion 391 159 133 151 363 364 220 287 61 446 243 415 281 408 490 204 44 72 21 324 119 154 109 100 163 360 426 284 91 31 481 429 240 285 487 222 15 467 254 296 468 237 466 76 112 183 141 380 328 310 182 176
emotions 168 161 306 219 479 217 67 43 269 142 188 313 322 191 356 302 270 98 445 231 342
energy 306 158 151 415 497 187 341 189 164 38 223 224 64 442 200 239 435 183
establishment 102 156 289 93 16 452 2 376 121 279 481 224 456 46 237 14 123 310
ever 194 167 221 228 93 80 266 259 437 464 293 498 142 315 120 175 378 3 153 359 357 107 394 270 90 461 85 329 183 374
every 309 331 301 352 50 422 89 19 174 341 378 121 153 335 277 429 30 209 451 298 70 201 495 237 179 0 326 114 185
extraordinary 398 399 449 424 423 431 407 384 172 392 106 38 418 457 237 432 342 7
eyes 309 476 57 479 257 408 431 43 407 256 324 186 314 351 139 276 207 79 433 372 182
factor 336 364 68 244 401 20 293 19 383 371 395 165 191 36 224 249 22 85 329 328 344
faculties 331 102 339 364 221 470 42 295 202 465 371 121 223 37 12 206 71 112 318 183
false 338 396 216 68 287 34 244 408 44 88 323 119 196 334 488 52 489 231 207 22 201 49 146 0
family 396 193 61 245 16 407 251 256 10 111 144 376 172 322 277 96 90 240 416 420 296 79 13 316 380 182
felt 135 194 216 274 250 497 43 17 181 305 137 410 486 285 225 22 255 342 372 171
fierce 337 422 424 11 267 431 438 426 224 147
finally 300 353 151 446 228 51 27 498 205 145 121 110 191 215 240 236 238 405 262 450 85 252 311
finds 306 399 160 363 57 292 251 205 315 393 360 417 212 249 473 39 238 6 170 343
finely 300 32 273 281 17 462 153 196 136 356 277 279 285 237 459 49
first 166 133 226 69 250 45 256 350 368 303 223 291 466 113 147 388
following 167 156 219 210 228 259 11 431 174 348 371 188 128 196 421 279 63 460 24 207 230 170 387 178
for 338 300 104 309 362 161 353 330 308 339 160 158 151 169 364 229 447 476 245 477 483 484 219 243 94 51 266 408 463 497 16 232 464 499 20 27 436 44 407 251 75 400 269 26 21 205 10 234 377 142 324 116 2 144 382 181 126 128 395 154 350 107 155 277 279 444 212 215 443 481 475 224 472 411 99 489 209 469 24 200 238 402 433 457 230 255 85 6 373 374 326 114 381 386
form 195 158 167 32 229 483 217 415 293 19 10 315 106 249 39 489 15 435 85 317 9 344 185
former 195 287 66 288 281 80 26 174 377 384 128 165 109 107 163 65 240 473 213 15 84 320
friend 354 301 211 273 414 412 401 439 266 370 198 138 369 197 101 277 417 55 225 493 451 77 83 450 14 7 375
from 354 308 306 160 363 57 425 68 92 477 448 470 34 479 93 250 259 437 261 232 27 436 260 44 454 174 346 383 142 189 312 143 347 175 313 395 368 138 334 277 417 31 486 64 99 276 282 225 222 480 442 445 405 254 450 237 263 404 8 1 177 373 141 310 147 386
gibe 159 301 447 476 220 280 425 406 81 5 382 367 130 247 240 487 213 209 254 402 264 124
had 336 331 168 102 308 133 306 355 397 227 242 221 484 217 441 58 424 281 406 74 439 292 295 45 16 294 251 438 256 400 19 202 21 180 383 348 370 384 189 324 385 382 186 181 347 314 117 392 350 368 303 107 351 197 139 98 91 428 417 246 488 481 224 63 278 416 52 225 442 30 231 456 238 405 84 262 296 79 46 433 25 468 201 457 13 208 14 230 290 297 404 252 329 125 317 176 149
happiness 105 476 61 483 292 259 295 29 431 86 26 383 376 165 303 475 231 12 494 451 183 141 147 343 171 185 388
has 158 32 219 67 244 202 498 383 118 126 128 136 199 248 98 279 481 213 298 254 291 206 230 492 389 148 122 386 140 388
have 135 300 103 337 50 422 274 425 289 92 67 51 235 490 452 75 233 142 370 2 349 186 378 361 359 165 303 394 152 137 419 284 53 421 241 212 97 416 405 253 466 403 71 8 311 373 141 113 375 372 176 343
he 307 157 398 161 337 308 134 193 355 364 447 449 470 424 430 232 203 455 88 293 251 269 21 465 323 118 120 376 121 395 196 164 283 96 31 276 473 489 12 200 254 70 46 433 22 25 466 264 432 78 263 71 299 327 6 345 375 372 176
heard 307 150 166 339 415 250 74 430 437 408 45 452 436 293 81 384 127 120 126 128 325 165 332 393 152 137 241 443 223 64 249 282 487 493 70 41 468 85 123 317 344
her 135 159 353 160 355 397 364 440 425 242 244 401 45 27 409 438 180 348 370 312 395 304 164 197 333 417 62 488 224 282 15 48 77 402 71 183 141 0 319 326 381 176
high-power 156 95 448 228 69 266 75 256 233 10 128 152 106 54 248 428 38 97 429 402 239 112 123 124
him 300 331 195 308 133 399 167 227 50 68 414 226 33 423 275 27 294 43 269 19 454 17 233 187 116 111 188 340 325 350 191 131 163 421 279 278 276 489 37 493 209 460 48 253 434 79 46 41 461 466 78 320 380 0 310 113 381
himself 391 157 150 193 32 422 425 93 80 266 45 400 498 205 174 346 379 383 118 144 110 154 190 356 360 428 249 285 427 15 12 238 451 83 70 14 49 184 148 176
his 307 338 132 309 331 103 391 157 365 166 192 195 161 353 308 301 134 399 352 160 194 158 167 355 151 390 440 32 447 211 35 227 485 476 50 422 425 68 413 245 59 414 477 221 448 484 226 470 219 210 34 217 441 33 288 67 243 60 56 286 424 51 423 281 401 73 80 292 266 430 42 437 261 295 463 490 499 20 452 27 203 267 431 43 407 400 202 498 453 233 491 28 496 180 379 187 341 348 384 324 116 111 5 118 315 2 376 382 172 186 181 347 175 378 313 119 4 314 126 322 395 359 392 154 350 368 165 191 303 131 136 138 369 164 351 358 155 393 152 137 130 302 426 421 98 277 65 241 417 279 96 410 246 444 212 443 488 31 38 475 224 472 63 411 429 90 240 416 249 52 99 282 55 285 473 474 480 442 489 493 231 467 236 469 24 200 23 451 48 405 253 77 298 83 254 402 84 70 434 262 79 46 265 433 239 450 206 468 13 237 14 40 297 263 47 255 403 85 49 82 320 112 115 327 1 123 6 316 184 170 342 345 177 183 148 141 380 328 7 310 122 9 326 381 178 140 182 176 149 171 388
home-centred 398 397 211 92 477 292 18 256 129 5 118 340 356 130 215 38 170 319 321 176
hopeless 353 134 57 268 430 16 3 31 223 429 99 225 327 8 345 183 182 344
however 307 105 229 289 414 483 34 406 377 162 136 138 197 98 31 416 30 458 24 77 79 291 25 237 264 297 263 122
immense 150 32 447 412 295 88 10 376 110 395 155 426 208 6 316 177 146 372
in 307 300 104 336 103 168 391 362 150 396 159 354 161 301 133 134 194 193 355 397 390 32 218 476 220 50 57 273 95 245 289 66 92 470 219 210 34 243 58 60 94 244 424 281 257 87 250 80 439 259 437 408 463 232 20 27 409 88 431 258 43 256 400 86 454 453 465 491 28 10 234 346 180 187 145 348 127 2 120 371 172 181 3 314 325 153 361 303 136 109 100 332 335 369 190 356 197 155 199 394 152 334 139 333 101 137 419 54 284 53 248 421 277 65 241 62 246 215 224 429 240 52 99 276 427 222 480 214 442 37 12 460 236 494 238 451 402 70 79 265 22 450 206 208 459 14 466 297 255 403 71 85 404 252 320 112 318 6 148 373 141 317 319 372 182 344 149 388
instrument 150 471 414 243 275 401 268 250 3 117 198 100 107 138 393 137 108 130 54 472 225 467 264 76 299 0
interests 151 272 42 21 491 370 324 376 313 196 303 109 443 480 30 209 494 253 459 252 316 170 140
into 337 308 167 229 57 217 20 202 28 312 349 126 191 410 420 487 473 458 209 48 125 326 140
introduce 160 242 210 415 286 430 436 438 19 346 187 341 303 197 276 445 265 85 387 328 182
intrusions 336 339 92 73 407 256 5 340 395 285 201 457 1 386
is 478 482 59 60 281 256 496 173 181 350 333 410 97 90 456 265 41 297 6 328 317
it 390 66 243 81 385 143 121 392 131 163 360 139 54 248 283 65 460 236 239 201 459 320 343 185
keen 166 399 352 397 151 364 288 94 408 18 436 348 378 126 162 369 155 283 98 428 90 84 208 375 344
knew 104 398 355 217 288 423 42 437 29 260 19 21 324 368 136 106 54 63 55 236
late 192 440 471 218 220 57 68 59 221 295 497 385 188 4 165 332 369 283 411 416 487 489 460 25 76 389
lately 103 422 446 34 412 87 439 88 371 143 366 357 421 428 472 90 298 434 124 374 113 149 185
lenses 365 308 227 289 93 269 180 322 444 329 7 0
little 157 365 192 399 158 482 57 425 92 34 60 412 73 406 251 400 383 382 349 313 131 304 190 199 360 108 284 283 428 486 278 64 99 39 456 238 77 83 262 290 115 6 373 387 386
loathed 362 330 355 280 34 463 407 377 314 128 361 393 225 442 12 262 373 114 386
lodgings 159 216 32 59 56 18 121 107 474 469 262 41 457 252 76 170 389
love 274 483 448 34 69 73 42 204 81 491 361 357 304 410 246 278 282 474 480 442 23 451 319 114
lover 354 398 330 33 20 72 202 186 357 131 421 98 90 282 296 22 206 432 320 373 114
machine 478 476 244 250 74 80 11 463 43 205 28 384 417 36 429 271 23 450 206 290 71 344
man 218 289 217 406 29 234 377 129 154 109 367 106 283 91 276 402 450 13 432 290 297 263 115 123 372
marriage 156 218 66 67 58 439 464 202 453 379 189 126 333 239 468 85 183 146
master 151 363 482 281 42 81 234 346 145 246 429 271 474 467 469 84 13 112 183
memory 365 355 151 169 364 478 50 245 59 228 58 424 406 45 267 138 367 55 214 460 404 8
men's 365 362 301 339 483 441 244 257 29 17 10 462 371 143 340 126 154 162 197 63 493 83 466 40 85 327 373 141 374 147
mental 330 167 229 470 228 281 180 378 119 368 358 137 38 63 473 39 37 238 48 432 125
mention 132 396 337 364 66 479 228 281 464 143 325 357 98 474 480 265 239 22 49 8 141 7 9 178
merely 336 398 105 422 68 226 243 275 266 259 29 455 72 269 174 340 350 356 137 36 472 493 231 434 461 82 317 321 182
might 398 167 363 485 245 228 415 232 323 325 332 356 108 248 62 298 291 495 40 1 342 147 149
mind 331 192 105 390 478 220 56 406 408 464 203 409 251 10 189 172 110 138 197 277 247 271 207 84 70 345 122 9 114 149
mission 309 195 245 58 412 272 74 29 294 346 379 145 376 303 98 36 416 427 15 262 329 375
more 399 447 50 57 446 188 4 106 270 63 206 290 263 177
most 308 363 413 242 448 423 74 439 408 27 407 498 462 346 144 322 128 117 335 107 163 139 30 200 296 320
motives 338 422 287 95 448 441 93 11 235 20 455 17 10 462 349 175 198 162 368 305 270 284 38 99 214 236 200 77 434 387 374 185
murder 362 134 50 406 89 45 438 349 357 91 428 62 99 79 265 457 404 319 388
my 309 195 102 133 194 397 95 61 221 441 439 266 408 203 409 81 26 454 498 187 324 111 366 302 53 410 278 416 427 473 24 207 296 291 433 201 208 492 435 85 112 124 317
mysteries 35 476 61 286 74 438 498 110 304 417 481 12 23 492 290
name 440 476 479 94 286 383 394 54 31 473 474 214 83 468 403 177 179 326
nature 104 103 168 150 354 195 339 390 471 280 422 273 479 60 268 73 80 430 408 463 497 490 431 86 454 28 111 371 144 376 325 153 304 393 394 139 419 444 38 55 39 213 24 254 291 40 435 76 316 170 345 380 317 326 140 372 176
never 391 195 330 397 32 217 272 81 234 2 347 131 106 302 99 445 495 461 252 122
not 157 35 414 221 412 406 74 490 203 436 233 120 119 361 392 196 357 304 360 65 36 215 278 416 433 468 71 329 321 381
observation 309 103 362 192 195 59 243 464 20 462 173 384 118 2 312 196 333 96 215 31 200 83 239 25 82 311 329 177
observer--excellent 157 301 151 35 274 221 34 415 11 409 251 454 111 392 419 98 486 247 282 222 231 467 200 23 468 461 47
observing 132 169 35 220 242 448 479 441 259 294 269 5 120 186 181 119 128 366 304 109 215 64 474 231 405 255 299 316 125 317
occupied 161 242 479 73 20 10 496 323 2 385 138 334 97 467 140
of 307 338 132 300 331 103 168 391 157 396 166 192 105 301 133 306 339 160 158 193 355 151 169 156 390 216 229 447 211 478 35 485 218 482 476 50 280 274 57 273 425 68 287 95 61 413 245 66 414 477 221 448 226 470 219 210 228 33 93 288 67 243 415 58 94 412 244 69 272 424 257 401 73 80 266 430 42 437 261 295 463 235 16 29 232 464 499 20 204 203 455 18 294 436 260 44 409 88 431 293 258 251 81 75 400 26 19 202 454 453 205 233 465 491 28 10 496 462 234 174 346 180 379 187 341 173 383 145 348 370 189 129 324 111 323 5 127 315 2 120 385 371 143 188 144 349 340 181 378 3 313 119 4 314 322 110 128 117 198 153 361 392 366 154 196 350 368 165 191 304 100 332 335 107 369 190 164 163 351 358 155 367 199 394 152 139 333 305 137 130 302 54 284 53 248 283 421 65 91 241 417 279 96 246 444 212 36 443 31 38 223 224 472 486 63 278 247 64 240 416 249 52 276 55 285 271 427 487 225 474 480 39 214 30 489 458 493 467 12 460 236 494 200 456 238 451 207 48 405 84 70 434 296 79 46 41 22 450 206 25 468 201 457 13 237 466 492 264 432 290 40 297 435 263 47 255 252 82 299 112 115 327 1 124 184 170 177 148 373 380 146 374 328 7 125 0 122 319 326 114 113 321 375 147 381 178 386 182 343 171 185 388
official 485 406 89 11 16 180 187 111 349 119 198 136 304 367 249 236 254 262 290 316
old 336 105 268 234 127 349 350 162 357 358 394 442 41 208 432 40 342 140
one 104 354 398 306 194 363 156 227 485 68 61 289 477 217 33 93 275 73 430 29 20 436 438 26 454 205 10 377 189 111 385 382 349 126 117 153 162 357 303 332 108 426 91 62 488 63 247 90 225 445 15 467 12 469 451 77 254 41 239 206 201 466 492 264 263 85 299 115 184 342 389 345 7 375 386
or 300 306 422 287 289 226 33 490 464 385 152 108 410 486 214 77 298 495 148 317
other 157 195 167 477 484 217 58 257 401 268 74 29 499 72 129 120 181 347 175 126 361 303 304 369 351 248 277 428 96 271 458 231 262 206 78 47 403 318 115 177 373 328 147 381
our 192 306 483 448 479 243 75 346 340 303 138 190 426 473 458 23 77 49 342
out 354 448 288 243 69 281 490 26 173 129 349 340 91 493 456 291 459 40 345 373 310
own 104 168 159 330 337 352 397 440 211 35 227 274 57 273 61 484 479 228 243 415 69 424 73 406 250 80 292 430 437 295 497 490 452 18 431 75 86 21 17 491 496 234 346 383 145 142 324 315 312 371 313 314 322 361 357 107 369 190 164 393 199 152 426 284 428 444 215 443 488 38 481 411 64 445 458 469 23 238 298 402 46 433 450 25 495 237 14 263 71 252 112 380 374 319 326 113 386 171 388
particularly 135 157 337 229 286 281 257 439 260 19 383 324 118 120 349 163 53 472 416 456 14 264 6 326 375
passions 135 336 150 399 169 390 61 295 204 27 18 269 110 109 190 197 130 488 247 271 30 291 450 14 76 387 374
perfect 102 330 94 463 269 28 3 302 418 487 214 77 254 450 13 316 170 141 387 380 179 7
placed 193 355 95 94 74 42 45 44 145 312 188 335 155 277 428 475 411 420 253 254 25 403 310
police 161 330 440 287 441 288 452 251 454 190 108 488 472 247 13 404 49 329 124 389 179 381 388
position 61 60 51 292 251 72 145 175 198 304 332 53 473 469 41 450 290 297 299 6
powers 216 482 274 287 244 272 89 295 204 455 258 173 189 127 314 128 369 190 246 474 200 239 457 177 147
precise 280 292 499 75 454 324 191 163 284 277 212 222 209 22 140 171 388
predominates 449 221 58 423 406 80 27 173 128 361 359 131 101 54 420 473 84 433 41 466 404 182
press 156 479 51 173 143 155 54 283 277 241 38 223 460 255 184 388
questionable 398 330 352 193 485 482 217 87 202 312 198 196 305 421 90 49 345
readers 157 396 287 245 33 56 261 408 26 496 379 5 143 3 314 361 163 53 98 277 472 247 427 480 82 388
reasoner 396 220 95 483 261 455 19 205 17 315 172 378 314 359 335 394 417 279 38 418 209 207 374 7
reasoning 336 229 441 33 58 423 259 44 234 341 142 116 385 426 53 222 445 290 40 342 388
reigning 159 354 193 229 482 274 292 267 293 205 233 173 162 394 108 31 12 23 380 113 372
remained 309 339 447 446 73 232 86 26 3 322 107 443 31 97 90 276 418 47 1
results 362 274 33 439 187 121 357 393 199 62 442 37 40
rise 338 150 353 105 273 68 66 92 228 58 292 27 370 340 117 361 196 369 410 212 480 46 13 342 7 319
save 158 273 287 448 437 45 463 267 407 19 491 175 3 395 393 334 108 284 276 55 493 49 170
seen 390 440 218 280 422 68 414 483 415 412 251 496 346 145 116 175 3 126 395 366 109 101 474 39 489 469 200 70 79 41 237 40 435 85 76 123 6 328 344 343
seldom 364 414 483 94 89 497 258 453 315 340 175 191 369 358 155 393 152 283 240 52 214 231 79 115 124 141
sensitive 104 365 482 66 470 60 437 463 26 234 370 172 302 241 213 402 208 459 6 7
sex 338 446 210 60 292 29 187 384 120 144 172 126 110 284 213 456 23 207 433 176 344
shared 150 355 425 412 20 44 10 377 371 121 356 98 405 404 124
she 331 150 50 289 92 59 219 11 463 232 455 88 116 322 351 197 101 54 62 475 224 52 282 480 489 37 467 460 23 253 457 495 237 230 264 8 123 329 183 321 381
signs 337 339 352 449 92 219 286 272 268 269 498 142 349 322 350 138 137 65 223 487 225 15 22 252 112 148
singular 306 352 482 51 18 43 453 17 127 378 322 153 361 154 191 304 164 197 419 488 24 200 208 230 403 316 184 0
sneer 159 158 478 476 219 87 16 2 385 368 305 270 444 282 442 434 41 13 208 255 403 252 9 114
so 157 166 102 301 194 156 479 295 267 385 371 382 117 131 333 101 472 278 411 247 231 12 253 46 82 318 8 329 124
society 192 470 275 259 293 120 359 427 78 316 140
softer 135 194 32 257 499 294 400 496 348 189 110 139 63 458 450 201 263 184 147
some 168 330 227 286 42 235 204 294 438 465 180 324 2 367 283 24 262 115 327 123 387 140 149 388
soul 103 105 306 216 273 275 203 267 72 379 152 426 65 215 90 427 37 83 265 123 141 328 122 114 381
spoke 354 398 194 478 482 92 59 221 463 497 464 145 189 382 3 335 155 283 416 52 473 450 311 176
still 309 478 61 490 204 258 28 107 199 106 419 13 237 318 327 329 344
strong 309 157 308 133 355 61 243 87 235 16 20 202 172 153 361 419 249 420 460 24 13 316 345 179 185
study 309 391 166 330 134 446 60 286 401 261 86 165 164 241 420 418 296 435 403 184 387 328 317 386
successfully 195 301 274 289 242 484 60 462 127 376 368 223 225 39 467 8 316 389 374 0
such 104 362 193 167 478 280 422 413 242 33 51 250 16 29 204 203 43 75 127 126 325 163 351 152 333 419 426 443 38 285 467 262 433 457 255 82 299 8 184 9
sufficient 104 398 399 497 499 44 384 138 419 65 36 271 474 15 318 148 326 149
summons 132 104 309 365 216 211 471 218 449 221 226 441 261 45 499 436 409 186 154 350 97 458 493 79 146 140
take 168 337 151 440 425 441 415 424 259 233 347 121 366 165 475 472 278 48 402 264 125
temperament 157 440 35 227 449 413 67 250 295 462 383 111 118 392 368 351 334 91 410 475 238 459 290 389 321
than 391 157 301 151 449 92 484 446 217 93 51 455 267 81 72 382 117 163 212 52 418 230 8 387 179 310
that 104 168 391 150 353 330 105 211 227 471 274 414 34 33 67 58 94 69 51 423 281 257 401 268 439 295 463 490 464 436 409 267 251 438 400 72 26 454 233 10 341 383 142 384 129 323 118 143 378 121 119 359 366 196 162 165 191 393 305 108 419 53 65 279 96 246 444 224 63 97 240 276 282 55 427 214 30 236 48 298 70 434 239 457 495 459 432 115 1 311 329 387 317 176
the 307 135 338 132 104 336 309 331 103 168 365 362 150 396 354 166 192 398 195 161 102 330 337 301 133 134 306 160 158 397 363 169 390 216 32 229 447 478 471 485 218 482 476 50 422 273 425 95 61 245 289 66 92 59 242 477 221 483 484 470 219 210 34 479 217 441 33 93 288 243 415 60 94 412 56 286 272 275 281 257 401 73 406 250 74 80 439 266 89 42 259 261 295 408 45 497 29 490 232 20 452 27 455 18 294 436 260 44 409 267 88 431 293 258 43 407 251 438 81 75 400 86 19 454 21 498 453 205 17 465 28 10 496 462 234 346 180 379 173 145 348 142 370 384 189 129 116 323 5 118 127 312 120 385 143 188 376 382 349 172 340 181 347 175 121 313 119 126 322 110 128 325 198 153 395 359 392 366 196 350 162 368 165 357 191 131 136 304 100 332 335 190 356 164 351 358 155 367 393 394 360 152 106 101 305 137 130 302 419 54 270 426 248 277 91 428 417 279 96 62 246 444 212 443 488 31 38 481 224 472 486 278 411 429 90 64 240 416 52 99 420 282 55 418 271 427 473 480 39 442 30 489 445 213 15 493 231 209 460 236 494 469 24 200 456 238 451 48 405 298 83 254 402 84 262 296 291 265 433 41 239 25 201 457 13 208 461 459 492 290 40 297 78 47 255 403 71 404 252 49 76 299 320 327 8 1 124 184 170 342 389 345 177 148 141 380 374 179 7 317 0 319 9 326 321 375 381 386 140 344 149 343 171 185
there 309 150 353 169 476 92 204 436 44 180 116 332 106 443 213 230 318 8 124 177 147
these 300 330 280 66 44 407 315 312 385 181 393 305 486 278 494 230 47 318 8 6 389 178 182
things 396 161 274 245 210 437 497 383 142 191 332 443 451 206 25 374
those 362 150 159 399 363 364 422 413 69 80 259 408 11 409 498 453 174 142 371 144 382 325 153 304 96 444 212 475 429 12 77 254 433 112 326 113 344
throw 365 413 250 204 366 357 302 270 481 285 487 474 262 22 264 176
time 306 156 440 92 412 424 275 257 250 261 490 260 346 370 323 312 144 126 366 332 199 279 62 411 420 487 15 458 209 265 14 297 403 82 320 329 389 387 374 328 9 178 176
to 338 300 336 168 365 159 398 301 133 134 352 160 193 355 363 364 390 216 440 35 471 273 413 289 92 477 470 219 479 217 441 228 93 288 243 60 69 286 268 73 292 42 259 437 295 408 45 235 497 16 29 20 204 203 294 409 267 293 258 407 438 81 75 256 400 72 26 19 21 233 465 491 28 496 462 377 348 384 189 129 116 5 315 120 188 349 172 3 119 126 110 117 361 366 162 357 131 136 332 335 107 369 190 356 351 394 334 333 137 108 130 284 65 279 410 36 215 38 223 247 99 420 276 427 487 474 222 489 445 213 37 231 12 236 200 456 253 83 254 402 434 296 433 22 25 201 457 13 208 495 461 230 264 432 290 297 47 71 404 252 320 115 311 316 124 184 183 148 373 387 179 125 317 0 122 9 326 114 147 381 386 182 344
tragedy 150 102 216 413 401 268 261 29 75 174 379 315 313 162 101 443 239 466 492 115
trained 168 308 399 272 281 142 347 165 393 360 333 54 279 444 481 64 474 12 124 375 372
under 337 397 68 286 27 203 75 173 188 359 392 196 136 38 296 46 230 435 320 329 184 179 140 372 171
up 135 336 309 391 150 396 354 195 151 156 390 32 447 471 280 289 92 448 484 93 56 69 272 401 266 430 19 21 174 189 116 127 315 350 136 351 419 53 421 241 410 36 278 64 39 493 460 236 23 253 84 296 206 290 435 183 387 380 319 326 147 381 140 176
upon 307 192 352 287 412 406 430 27 233 110 117 162 109 410 475 427 222 493 41 78 49 327 177 141 179 328 114 344 388
us 396 192 353 105 160 193 449 89 359 164 410 212 36 420 276 480 77 403 113
vague 398 133 272 455 18 258 400 269 174 4 366 368 139 130 283 418 492 389 381
veil 194 261 11 27 88 314 153 332 358 327 8 1 375
was 135 300 104 157 353 308 133 352 169 447 211 227 476 220 449 57 425 413 92 477 484 226 446 34 33 67 56 423 275 497 20 294 260 267 407 438 81 256 400 86 19 462 234 377 324 111 385 188 144 186 378 3 121 117 359 303 100 335 369 356 351 394 108 53 248 277 91 62 410 443 97 411 240 249 52 55 418 222 480 213 458 209 469 200 23 402 84 434 495 459 14 432 85 76 299 112 327 1 184 148 7 319 321 375 178 372 149
week 338 300 336 365 390 485 274 221 226 56 424 235 204 27 202 180 379 341 371 349 165 164 163 155 96 444 443 475 486 64 442 48 206 49 148 113 321 178 182
were 132 300 166 192 195 102 134 151 364 216 471 220 425 287 221 448 484 226 415 423 87 80 499 293 256 26 491 142 5 119 314 154 162 131 100 164 137 91 62 475 223 486 429 474 25 495 459 78 49 112 318 141 146 147 381 185
which 135 300 391 161 337 308 306 160 364 156 440 482 280 274 95 470 446 210 93 288 67 58 60 412 56 272 275 87 268 439 42 437 235 29 436 260 88 293 233 28 377 370 116 323 5 312 188 382 186 347 175 378 313 119 4 126 322 110 325 392 366 350 357 131 100 393 394 360 334 270 284 241 444 36 488 411 276 285 271 427 473 39 214 489 37 231 467 236 494 469 24 456 238 451 83 70 434 468 201 459 14 230 264 78 47 403 71 404 252 115 373 146 0 122 319 114 386 182 149 171
while 135 338 396 354 471 218 281 499 81 491 136 360 246 416 458 209 253 434 459 82 311
who 103 398 102 339 363 227 471 482 273 66 226 470 33 58 94 69 87 74 430 29 464 20 407 256 86 384 143 382 181 175 361 395 109 190 367 106 333 444 212 99 30 213 70 41 432 255 71 112 170 328 125 182 149 343 185
whole 102 160 194 193 397 218 425 68 59 448 210 441 244 56 401 250 74 439 430 293 72 454 17 233 234 180 2 121 366 136 138 190 139 419 417 97 411 52 418 271 473 474 206 25 461 466 435 82 8 124 389 114 386
with 132 336 159 166 398 195 161 301 352 363 211 218 476 449 221 446 210 441 228 67 56 401 42 261 490 18 294 409 88 256 400 465 491 234 174 118 2 188 172 322 117 361 366 162 131 138 393 152 334 283 65 475 247 285 222 480 214 493 494 207 83 84 46 457 495 263 47 183 146 9 114 375 178 149 185
woman 168 166 161 352 160 193 229 485 218 50 95 66 414 226 219 34 228 67 415 56 51 406 295 408 16 452 294 88 407 465 491 496 462 173 111 349 186 378 395 100 164 394 152 334 139 137 302 284 421 417 36 443 488 475 224 411 247 240 276 55 418 480 24 23 83 402 434 25 208 461 230 82 299 113 321 149
world 391 306 397 274 491 3 162 138 130 428 241 222 39 405 459 230 149
would 159 354 134 306 194 355 216 211 220 413 245 477 286 430 203 267 81 498 453 17 234 187 377 127 382 126 325 100 164 199 108 475 472 247 99 420 15 253 296 46 41 22 461 264 140
yet 399 167 218 57 288 257 266 43 143 314 322 191 197 334 90 420 222 489 458 209 265 327 123 184
